0,1,0,0,0,0,1,0,1,0,0,3,0,1,0,0,0,50,86,51,0,19
0,0,2,1,1,1,0,9,0,1,7,0,2,0,3,1

0,1,0,0,0,0,1,0,1,0,0,3,0,1,0,0,0,50,86,43,0,19
0,0,2,1,1,1,0,9,0,1,7,0,2,0,3,1

0,0,0,0,0,0,0,0,0,0,0,0,0,0,0,0,0,0,0,0,0,0
2,2,0,0,0,0,0,0,0,1,0,0,0,0,0,1

1,0,0,0,0,1,0,0,0,0,0,0,0,0,0,0,0,127,15,12,0,2
1,0,812,123,123,616,124,3,370,2,496,0,987,123,373,1

1,0,812,123,123,616,124,3,370,2,496,0,987,123,373,1

0,0,0,0,0,0,0,0,0,0,0,0,0,0,0,0,0,1,2,32,0,1
0,0,0,0,0,0,0,1,0,1,0,0,0,0,0,1

0,0,0,0,0,0,0,0,0,0,0,0,0,0,0,0,0,2,4,35,0,4
0,0,0,0,0,0,0,2,0,1,2,0,0,0,0,1

0,1,0,0,0,0,0,0,0,0,0,0,0,0,0,0,0,1,3,273,0,2
0,2,2,0,0,0,0,0,0,1,0,0,0,0,0,1

0,0,0,0,0,0,0,0,0,0,1,0,0,0,0,0,0,4,15,44,0,3
0,0,2,0,0,0,0,0,0,1,1,0,0,0,0,1

0,0,0,0,0,0,0,0,0,0,0,0,0,0,0,0,0,1,0,49,0,0
0,0,0,0,0,0,0,1,0,1,1,0,0,0,1,1

1,0,0,0,0,1,0,0,0,0,0,0,0,0,0,0,0,125,15,12,0,2
1,0,798,121,121,606,122,3,364,2,488,0,971,121,367,1

1,0,798,121,121,606,122,3,364,2,488,0,971,121,367,1

0,1,0,0,0,0,1,0,1,0,0,3,0,1,0,0,0,50,86,38,0,19
0,0,2,1,1,1,0,9,0,1,7,0,2,0,3,1

0,0,0,0,0,0,0,0,0,0,0,0,0,0,0,0,0,1,2,32,0,1
0,0,0,0,0,0,0,1,0,1,0,0,0,0,0,1

0,1,0,0,0,0,0,0,0,0,0,0,1,1,0,0,0,3,8,89,3,3
0,0,2,0,0,0,0,0,0,1,0,0,0,0,0,1

0,1,0,0,0,0,1,0,1,0,0,3,0,1,0,0,0,50,86,40,0,19
0,0,2,1,1,1,0,9,0,1,7,0,2,0,3,1

0,1,0,0,0,0,0,0,0,0,0,4,0,5,0,1,0,26,56,96,0,11
0,0,2,1,1,0,0,1,0,1,2,0,1,0,1,1

0,1,0,0,0,0,1,0,1,0,0,3,0,1,0,0,0,50,86,43,0,19
0,0,2,1,1,1,0,9,0,1,7,0,2,0,3,1

0,1,0,0,0,1,0,0,1,0,0,0,0,0,0,0,0,21,40,58,0,5
0,0,2,210,210,750,217,9,373,1,435,4,985,109,336,1

1,0,0,0,0,1,1,0,0,0,0,0,0,0,0,0,0,12,32,4787,0,5
0,0,0,1,1,0,0,0,1,1,4,0,2,0,4,1

0,1,0,0,0,0,1,0,1,0,0,3,0,1,1,0,0,55,97,45,0,22
0,0,2,1,1,1,0,10,0,1,8,0,2,0,4,1

0,0,0,0,0,0,0,0,0,0,0,0,0,0,0,1,0,18,53,27,0,45
0,0,2,0,0,0,0,1,0,1,1,0,0,0,0,1

0,1,0,0,0,0,1,0,1,0,0,3,0,1,0,0,0,50,86,40,0,19
0,0,2,1,1,1,0,9,0,1,7,0,2,0,3,1

0,1,0,0,0,0,0,0,0,0,0,4,0,5,0,1,0,26,56,102,0,11
0,0,2,1,1,0,0,1,0,1,2,0,1,0,1,1

0,0,0,0,0,1,0,0,0,0,0,0,0,0,0,0,0,119,41,12,0,4
0,0,2,0,0,1,0,3,0,1,2,0,0,0,1,1

0,1,0,0,0,1,0,0,1,0,0,0,0,0,0,0,0,21,40,58,0,5
0,0,2,210,210,750,217,9,373,1,435,4,985,109,336,1

0,1,0,0,0,0,1,0,1,0,0,3,0,1,0,0,0,50,86,51,0,19
0,0,2,1,1,1,0,9,0,1,7,0,2,0,3,1

2,0,0,0,0,1,1,0,0,0,0,0,0,0,0,0,0,15,29,4933,0,5
1,0,0,1,1,1,0,0,1,2,5,0,1,0,1,1

1,0,0,1,1,1,0,0,1,2,5,0,1,0,2,1

0,1,0,0,0,0,1,0,1,0,0,3,0,1,0,0,0,50,86,42,0,19
0,0,2,1,1,1,0,9,0,1,7,0,2,0,3,1

0,1,0,0,0,0,1,0,1,0,0,3,0,1,0,0,0,50,86,36,0,19
0,0,2,1,1,1,0,9,0,1,7,0,2,0,3,1

0,1,0,0,0,0,1,0,1,0,0,3,0,1,0,0,0,50,86,37,0,19
0,0,2,1,1,1,0,9,0,1,7,0,2,0,3,1

0,0,0,0,0,0,0,0,0,0,0,1,0,0,0,0,0,1,2,42298,0,0
0,0,0,0,0,0,0,0,0,1,0,0,0,0,0,1

0,1,0,0,0,0,1,0,1,0,0,3,0,1,0,0,0,50,86,47,0,19
0,0,2,1,1,1,0,9,0,1,7,0,2,0,3,1

2,0,0,0,0,0,0,0,0,0,0,0,0,0,0,0,0,4,5,965,0,5
2,6,0,1,1,0,0,1,0,2,2,0,1,0,0,1

3,6,11,3,3,2,0,1,0,3,5,0,3,0,0,1

3,6,11,3,3,2,0,1,0,3,5,0,3,0,0,1

0,1,0,0,0,1,0,0,1,0,0,0,0,0,0,0,0,21,40,58,0,5
0,0,2,210,210,750,217,9,373,1,435,4,985,109,336,1

0,0,0,0,0,1,0,0,0,0,0,0,0,0,0,1,0,89,17,12,0,3
0,0,0,87,89,426,86,2,256,1,261,0,685,85,174,1

0,1,0,0,0,0,1,0,1,0,0,3,0,1,0,0,0,50,86,44,0,19
0,0,2,1,1,1,0,9,0,1,7,0,2,0,3,1

1,0,0,0,0,1,0,0,0,0,0,0,0,0,0,0,0,131,15,12,0,2
1,0,840,127,127,636,128,3,382,2,512,0,1019,127,385,1

1,0,840,127,127,636,128,3,382,2,512,0,1019,127,385,1

0,1,0,0,0,0,0,0,0,0,0,0,0,0,0,0,0,5,7,56,0,3
0,0,2,2,2,1,0,1,2,1,1,0,2,0,1,1

2,0,0,0,0,0,0,0,0,0,0,0,0,0,0,0,0,4,5,786,0,5
2,6,0,1,1,0,0,1,0,2,2,0,1,0,0,1

3,6,11,3,3,2,0,1,0,3,5,0,3,0,0,1

3,6,11,3,3,2,0,1,0,3,5,0,3,0,0,1

0,1,0,0,0,0,1,0,1,0,0,3,0,1,0,0,0,50,86,45,0,19
0,0,2,1,1,1,0,9,0,1,7,0,2,0,3,1

0,1,0,0,0,0,1,0,1,0,0,3,0,1,0,0,0,50,86,50,0,19
0,0,2,1,1,1,0,9,0,1,7,0,2,0,3,1

0,1,0,0,0,0,0,0,0,0,0,0,0,0,0,0,0,1,2,193,0,1
0,0,2,0,0,0,0,0,0,1,0,0,0,0,0,1

0,1,0,0,0,1,0,0,1,0,0,0,0,0,0,0,0,21,40,58,0,5
0,0,2,210,210,750,217,9,373,1,435,4,985,109,336,1

0,2,0,2,0,0,0,0,0,0,0,1,0,1,0,0,0,25,29,27,0,4
0,0,2,0,0,0,0,0,0,1,0,0,0,0,0,1

2,0,0,0,0,0,0,0,0,0,0,0,0,0,0,0,0,11,19,2376,0,6
0,0,2,2379,2378,5944,1189,4,2380,2,5948,0,9510,0,2380,1

0,0,4,2384,2383,5948,1189,9,2382,3,5951,0,9516,0,2384,1

0,0,4,2384,2384,5948,1189,9,2382,3,5951,0,9516,0,2384,1

0,1,0,0,0,0,1,0,1,0,0,3,0,1,0,0,0,50,86,41,0,19
0,0,2,1,1,1,0,9,0,1,7,0,2,0,3,1

0,1,0,0,0,1,0,0,0,0,0,0,0,0,0,0,0,5,21,901,0,4
0,0,5834,1803,1803,4506,902,2,1803,1,2707,0,6312,901,1808,1

0,1,0,0,0,0,1,0,1,0,0,3,0,1,0,0,0,50,86,38,0,19
0,0,2,1,1,1,0,9,0,1,7,0,2,0,3,1

0,1,0,0,0,0,1,0,1,0,0,3,0,1,0,0,0,50,86,36,0,19
0,0,2,1,1,1,0,9,0,1,7,0,2,0,3,1

0,1,0,0,0,0,1,0,1,0,0,3,0,1,0,0,0,50,86,36,0,19
0,0,2,1,1,1,0,9,0,1,7,0,2,0,3,1

0,0,0,0,0,0,0,0,0,0,0,0,0,0,0,0,0,3,0,49,0,0
0,0,0,0,0,0,0,3,0,1,3,0,0,0,3,1

0,1,0,0,0,0,0,0,0,0,0,0,0,0,1,0,0,37,110,113,1,8
0,0,2,2,2,0,1,9,1,1,5,0,3,1,4,1

0,0,0,0,0,0,0,0,0,0,0,0,0,0,0,0,0,0,0,0,0,0
0,0,0,0,0,0,0,0,0,1,0,0,0,0,0,1

0,1,0,0,0,0,1,0,1,0,0,3,0,1,0,0,0,50,86,41,0,19
0,0,2,1,1,1,0,9,0,1,7,0,2,0,3,1

0,0,0,0,0,0,0,0,0,0,0,0,0,0,0,0,0,0,0,0,0,0
0,0,0,0,0,0,0,0,0,1,0,0,0,0,0,1

0,1,0,0,0,0,1,0,1,0,0,3,0,1,0,0,0,50,86,37,0,19
0,0,2,1,1,1,0,9,0,1,7,0,2,0,3,1

0,0,0,0,0,0,0,0,0,0,0,0,0,0,0,1,0,56,81,234,4,15
0,0,0,1,1,0,0,8,0,1,23,9,10,0,5,1

0,1,0,0,0,0,1,0,1,0,0,3,0,1,0,0,0,50,86,43,0,19
0,0,2,1,1,1,0,9,0,1,7,0,2,0,3,1

0,0,0,0,0,2,0,0,0,0,2,0,0,0,0,0,0,45,106,78,0,23
0,0,0,0,0,0,0,0,0,1,0,0,0,0,0,1

2,0,0,0,0,0,0,0,0,0,0,0,0,0,0,0,0,11,19,2380,0,6
0,0,2,2383,2382,5954,1191,4,2384,2,5958,0,9526,0,2384,1

0,0,4,2388,2387,5958,1191,9,2386,3,5961,0,9532,0,2388,1

0,0,4,2388,2388,5958,1191,9,2386,3,5961,0,9532,0,2388,1

0,1,0,0,0,0,1,0,1,0,0,3,0,1,0,0,0,50,86,38,0,19
0,0,2,1,1,1,0,9,0,1,7,0,2,0,3,1

0,1,0,0,0,0,1,0,1,0,0,3,0,1,0,0,0,50,86,36,0,19
0,0,2,1,1,1,0,9,0,1,7,0,2,0,3,1

0,1,0,0,0,0,1,0,1,0,0,3,0,1,0,0,0,50,86,37,0,19
0,0,2,1,1,1,0,9,0,1,7,0,2,0,3,1

0,1,0,0,0,0,0,0,0,0,0,4,0,5,0,1,0,26,56,105,0,11
0,0,2,1,1,0,0,1,0,1,2,0,1,0,1,1

0,1,0,0,0,0,0,0,0,0,0,0,0,0,0,0,0,1,3,1368,0,2
0,2,2,0,0,0,0,0,0,1,0,0,0,0,0,1

0,0,0,0,0,2,0,0,0,0,2,0,0,0,0,0,0,45,106,88,0,23
0,0,0,0,0,0,0,0,0,1,0,0,0,0,0,1

0,1,0,0,0,0,0,0,0,0,0,0,0,0,0,0,0,1,2,247,0,1
0,0,2,0,0,0,0,0,0,1,0,0,0,0,0,1

0,0,0,0,0,0,0,0,0,0,0,0,0,0,0,0,0,2,4,35,0,4
0,0,0,0,0,0,0,2,0,1,2,0,0,0,0,1

0,1,0,1,0,0,0,0,0,0,0,0,0,0,0,0,0,15,34,342,0,10
0,2,2,1,1,0,0,4,0,1,3,0,1,0,0,1

0,1,0,0,0,0,1,0,1,0,0,3,0,1,0,0,0,50,86,36,0,19
0,0,2,1,1,1,0,9,0,1,7,0,2,0,3,1

0,0,0,0,0,0,0,0,0,0,0,0,0,0,0,0,0,304,33,495,0,16
0,0,0,0,0,0,0,0,0,1,0,0,0,0,0,1

0,1,0,0,0,0,0,0,0,0,0,0,0,0,0,0,0,5,7,72,0,3
0,0,2,2,2,1,0,1,2,1,1,0,2,0,1,1

0,1,0,0,0,0,0,0,0,0,0,0,0,0,0,0,0,1,2,42,0,1
0,0,2,0,0,0,0,0,0,1,0,0,0,0,0,1

0,2,0,2,0,0,0,0,0,0,0,1,0,1,0,0,0,25,29,27,0,4
0,0,2,0,0,0,0,0,0,1,0,0,0,0,0,1

1,0,0,0,0,1,0,0,0,0,0,0,0,0,0,0,0,127,15,12,0,2
1,0,812,123,123,616,124,3,370,2,496,0,987,123,373,1

1,0,812,123,123,616,124,3,370,2,496,0,987,123,373,1

0,0,0,0,0,0,0,0,0,0,0,0,0,0,0,0,0,0,0,0,0,0
2,2,0,0,0,0,0,0,0,1,0,0,0,0,0,1

1,1,0,1,0,0,0,0,0,0,0,0,0,0,0,2,0,70,204,204,0,37
0,0,2,0,0,0,0,0,0,1,0,0,0,0,0,1

0,1,0,0,0,3,0,0,4,0,0,0,0,0,0,0,0,31,73,552,0,13
0,0,0,1519,1519,4554,1656,13,1656,1,3593,0,5521,552,1935,1

1,0,0,0,0,3,0,0,5,0,0,0,0,0,0,0,0,18,72,2440,0,15
4420,403,296,8956,9984,26226,5612,1061,9576,5,20248,104,33820,5200,13600,1

0,1,0,0,0,0,1,0,1,0,0,3,0,1,0,0,0,50,86,36,0,19
0,0,2,1,1,1,0,9,0,1,7,0,2,0,3,1

0,0,0,0,0,1,0,0,0,0,0,0,0,0,0,0,0,506,36,12,0,2
0,0,2,0,0,2,1,0,0,1,4,0,0,0,1,1

0,1,0,0,0,0,1,0,1,0,0,3,0,1,0,1,0,50,86,39,0,20
0,0,2,2,2,1,0,9,0,1,7,0,3,0,2,1

0,1,0,0,0,0,1,0,1,0,0,3,0,1,0,0,0,50,86,47,0,19
0,0,2,1,1,1,0,9,0,1,7,0,2,0,3,1

0,0,0,0,0,0,0,0,0,0,2,0,0,0,0,0,0,7,26,155,0,5
0,0,2,0,0,0,0,0,0,1,0,0,0,0,0,1

1,0,0,0,0,0,0,0,0,0,0,0,0,0,0,0,0,568,579,14,0,6
2,0,2,3,3,1,0,6,2,1,2,0,4,0,4,1

0,1,0,0,0,0,1,0,1,0,0,3,0,1,0,0,0,50,86,36,0,19
0,0,2,1,1,1,0,9,0,1,7,0,2,0,3,1

0,0,0,0,0,0,0,0,0,0,0,0,0,0,0,0,0,6,6,72,0,0
0,0,0,0,0,0,0,0,0,1,6,0,0,0,6,1

0,1,0,0,0,0,1,0,1,0,0,3,0,1,0,0,0,50,86,45,0,19
0,0,2,1,1,1,0,9,0,1,7,0,2,0,3,1

0,1,0,0,0,0,1,0,1,0,0,3,0,1,0,0,0,50,86,38,0,19
0,0,2,1,1,1,0,9,0,1,7,0,2,0,3,1

0,1,0,1,0,0,0,0,0,0,1,0,0,0,0,0,0,34,87,44,0,17
0,0,2,0,0,0,0,3,0,1,3,0,0,0,0,1

0,1,0,0,0,0,1,0,1,0,0,3,0,1,0,0,0,50,86,38,0,19
0,0,2,1,1,1,0,9,0,1,7,0,2,0,3,1

0,0,0,0,0,0,0,0,0,0,2,0,0,0,0,0,0,7,26,153,0,5
0,0,2,0,0,0,0,0,0,1,0,0,0,0,0,1

0,1,0,0,0,0,1,0,1,0,0,3,0,1,0,0,0,50,86,36,0,19
0,0,2,1,1,1,0,9,0,1,7,0,2,0,3,1

2,0,0,0,0,1,1,0,0,0,0,0,0,0,0,0,0,15,29,4838,0,5
1,0,0,1,1,1,0,0,1,2,5,0,1,0,1,1

1,0,0,1,1,1,0,0,1,2,5,0,1,0,2,1

0,0,0,0,0,0,0,0,0,0,2,0,0,0,0,0,0,7,26,155,0,5
0,0,2,0,0,0,0,0,0,1,0,0,0,0,0,1

0,0,0,0,0,1,0,0,0,0,0,0,0,0,0,1,0,86,17,12,0,3
0,0,0,84,86,411,83,2,247,1,252,0,661,82,168,1

0,0,0,0,0,0,0,0,0,0,0,0,0,0,0,0,0,5,9,9,0,2
0,0,0,1,1,2,1,2,1,1,3,0,3,0,3,1

0,0,0,0,0,0,0,0,0,0,0,0,0,0,0,0,0,0,0,0,0,0
2,2,0,0,0,0,0,0,0,1,0,0,0,0,0,1

0,1,0,0,0,0,1,0,1,0,0,3,0,1,0,1,0,50,86,47,0,20
0,0,2,2,2,1,0,9,0,1,7,0,3,0,2,1

0,0,0,0,0,0,0,0,0,0,0,0,0,0,0,2,0,8,15,36,0,5
0,0,0,0,0,0,0,2,0,1,2,0,0,0,0,1

0,0,0,0,0,2,0,0,0,0,2,0,0,0,0,0,0,45,106,72,0,23
0,0,0,0,0,0,0,0,0,1,0,0,0,0,0,1

0,1,0,0,0,1,0,0,1,0,0,0,0,0,0,0,0,21,40,58,0,5
0,0,2,222,222,792,229,9,394,1,459,4,1039,115,354,1

0,1,0,0,0,0,1,0,1,0,0,3,0,1,0,1,0,50,86,38,0,20
0,0,2,2,2,1,0,9,0,1,7,0,3,0,2,1

0,0,0,0,0,0,0,0,0,0,2,0,0,0,0,0,0,7,26,155,0,5
0,0,2,0,0,0,0,0,0,1,0,0,0,0,0,1

0,1,0,0,0,0,1,0,1,0,0,3,0,1,0,0,0,50,86,36,0,19
0,0,2,1,1,1,0,9,0,1,7,0,2,0,3,1

0,0,0,0,0,0,0,0,0,0,0,0,0,0,0,0,0,1,2,32,0,1
0,0,0,0,0,0,0,1,0,1,0,0,0,0,0,1

0,1,0,0,0,0,1,0,1,0,0,3,0,1,0,0,0,50,86,39,0,19
0,0,2,1,1,1,0,9,0,1,7,0,2,0,3,1

1,0,0,0,0,1,0,0,0,0,0,0,0,0,0,0,0,131,15,12,0,2
1,0,840,127,127,636,128,3,382,2,512,0,1019,127,385,1

1,0,840,127,127,636,128,3,382,2,512,0,1019,127,385,1

1,0,0,0,0,1,0,0,0,0,0,0,0,0,0,0,0,2216,3,12,0,2
2,0,0,1,1,0,0,1,1,2,2217,0,1,0,0,1

2,0,0,1,1,0,0,1,1,2,2217,0,1,0,0,1

0,0,0,0,0,2,0,0,0,0,2,0,0,0,0,0,0,45,106,65,0,23
0,0,0,0,0,0,0,0,0,1,0,0,0,0,0,1

0,1,0,0,0,0,1,0,1,0,0,3,0,1,0,0,0,50,86,45,0,19
0,0,2,1,1,1,0,9,0,1,7,0,2,0,3,1

0,1,0,0,0,0,1,0,1,0,0,3,0,1,0,0,0,50,86,44,0,19
0,0,2,1,1,1,0,9,0,1,7,0,2,0,3,1

0,1,0,0,0,0,0,0,0,0,0,0,0,0,0,0,0,2,4,77,0,2
0,0,2,0,0,0,0,0,0,1,0,0,0,0,0,1

1,0,0,0,0,1,0,0,0,0,0,0,0,0,0,0,0,255,15,12,0,2
0,0,1707,251,251,1256,252,3,754,2,1008,0,2011,251,757,1

0,0,1707,251,251,1256,252,3,754,2,1008,0,2011,251,757,1

0,1,0,0,0,1,0,0,2,0,0,0,0,0,0,0,0,7,25,1784,0,5
3258,0,367,3569,3569,8138,2285,7,4070,1,6358,0,10424,1784,4073,1

0,1,0,0,0,0,1,0,1,0,0,3,0,1,0,0,0,50,86,40,0,19
0,0,2,1,1,1,0,9,0,1,7,0,2,0,3,1

0,1,0,0,0,0,1,0,1,0,0,3,0,1,0,0,0,50,86,49,0,19
0,0,2,1,1,1,0,9,0,1,7,0,2,0,3,1

0,1,0,0,0,0,1,0,1,0,0,3,0,1,0,0,0,50,86,42,0,19
0,0,2,1,1,1,0,9,0,1,7,0,2,0,3,1

0,1,0,0,0,0,1,0,1,0,0,3,0,1,0,0,0,50,86,40,0,19
0,0,2,1,1,1,0,9,0,1,7,0,2,0,3,1

0,1,0,0,0,0,1,0,1,0,0,3,0,1,0,0,0,50,86,40,0,19
0,0,2,1,1,1,0,9,0,1,7,0,2,0,3,1

0,0,0,0,0,0,0,0,0,0,0,0,0,0,0,0,0,0,0,0,0,0

0,1,0,0,0,0,1,0,1,0,0,3,0,1,0,0,0,50,86,47,0,19
0,0,2,1,1,1,0,9,0,1,7,0,2,0,3,1

0,0,0,0,0,1,0,0,0,0,2,0,0,0,0,0,0,131,210,83,0,43
0,0,0,0,0,0,0,0,0,1,0,0,0,0,0,1

0,1,0,0,0,0,0,0,0,0,0,0,0,0,0,0,0,7,10,95,0,4
0,0,2,0,0,0,0,4,0,1,4,0,0,0,3,1

0,4,0,0,0,0,0,0,0,0,0,0,0,0,0,0,0,4,8,74,0,4
0,0,2,0,0,0,0,0,0,1,0,0,0,0,0,1

0,0,0,0,0,1,0,0,0,0,0,0,0,0,0,0,0,506,36,12,0,2
0,0,2,0,0,2,1,0,0,1,4,0,0,0,1,1

0,1,0,0,0,0,1,0,1,0,0,3,0,1,0,0,0,50,86,59,0,19
0,0,2,1,1,1,0,9,0,1,7,0,2,0,3,1

0,0,0,0,0,0,0,0,0,0,0,0,0,0,0,0,0,7,32,469,0,5
0,0,2,0,0,0,0,2,0,1,1,0,0,0,0,1

0,0,0,0,0,0,0,0,0,0,2,0,0,0,0,0,0,7,26,150,0,5
0,0,2,0,0,0,0,0,0,1,0,0,0,0,0,1

0,1,0,0,0,0,1,0,1,0,0,3,0,1,0,0,0,50,86,43,0,19
0,0,2,1,1,1,0,9,0,1,7,0,2,0,3,1

0,0,0,0,0,0,0,0,0,0,0,0,0,0,0,0,0,2,4,35,0,4
0,0,0,0,0,0,0,2,0,1,2,0,0,0,0,1

0,1,0,0,0,0,1,0,1,0,0,3,0,1,0,0,0,50,86,38,0,19
0,0,2,1,1,1,0,9,0,1,7,0,2,0,3,1

0,1,0,0,0,0,1,0,1,0,0,3,0,1,0,0,0,50,86,43,0,19
0,0,2,1,1,1,0,9,0,1,7,0,2,0,3,1

0,2,0,2,0,0,0,0,0,0,0,1,0,1,0,0,0,25,29,27,0,4
0,0,2,0,0,0,0,0,0,1,0,0,0,0,0,1

0,1,0,0,0,0,0,0,0,0,0,0,0,0,0,0,0,1,3,258,0,2
0,2,2,0,0,0,0,0,0,1,0,0,0,0,0,1

0,1,0,0,0,0,1,0,1,0,0,3,0,1,0,0,0,50,86,39,0,19
0,0,2,1,1,1,0,9,0,1,7,0,2,0,3,1

0,1,0,0,0,0,1,0,1,0,0,3,0,1,0,0,0,50,86,38,0,19
0,0,2,1,1,1,0,9,0,1,7,0,2,0,3,1

0,0,0,0,0,0,0,0,0,0,2,0,0,0,0,0,0,7,26,153,0,5
0,0,2,0,0,0,0,0,0,1,0,0,0,0,0,1

0,1,0,0,0,0,1,0,1,0,0,3,0,1,0,0,0,50,86,41,0,19
0,0,2,1,1,1,0,9,0,1,7,0,2,0,3,1

0,1,0,0,0,0,1,0,1,0,0,3,0,1,0,0,0,50,86,36,0,19
0,0,2,1,1,1,0,9,0,1,7,0,2,0,3,1

0,1,0,0,0,0,1,0,1,0,0,3,0,1,0,0,0,50,86,40,0,19
0,0,2,1,1,1,0,9,0,1,7,0,2,0,3,1

0,0,0,0,0,1,0,0,0,0,0,0,0,0,0,1,0,90,17,12,0,3
0,0,0,88,90,431,87,2,259,1,264,0,693,86,176,1

0,0,0,0,0,1,1,0,0,0,0,0,0,0,0,0,0,923,1954,1711,334,705
0,0,0,3310,3382,36193,29655,89,5588,1,36629,19,22338,2197,8021,1

0,0,0,0,0,0,0,0,0,0,0,0,0,0,0,0,0,0,0,0,0,0
2,2,0,0,0,0,0,0,0,1,0,0,0,0,0,1

0,1,0,0,0,0,1,0,1,0,0,3,0,1,0,0,0,50,86,53,0,19
0,0,2,1,1,1,0,9,0,1,7,0,2,0,3,1

0,1,0,0,0,0,0,0,0,0,0,4,0,5,0,1,0,26,56,108,0,11
0,0,2,1,1,0,0,1,0,1,2,0,1,0,1,1

0,1,0,0,0,0,1,0,1,0,0,3,0,1,0,0,0,50,86,36,0,19
0,0,2,1,1,1,0,9,0,1,7,0,2,0,3,1

1,0,0,0,0,1,0,0,0,0,0,0,0,0,0,0,0,131,15,12,0,2
1,0,840,127,127,636,128,3,382,2,512,0,1019,127,385,1

1,0,840,127,127,636,128,3,382,2,512,0,1019,127,385,1

0,0,0,0,0,0,0,0,0,0,0,1,0,0,0,0,0,3,17,31,0,1
0,0,2,0,0,0,0,2,0,1,1,0,0,0,0,1

0,0,0,0,0,0,1,0,0,0,1,0,0,0,0,0,0,20,62,46,0,13
0,0,2,0,0,0,0,7,0,1,4,0,0,0,1,1

0,0,0,0,0,0,0,0,0,0,2,0,0,0,0,0,0,7,26,155,0,5
0,0,2,0,0,0,0,0,0,1,0,0,0,0,0,1

1,0,0,0,0,1,0,0,0,0,0,0,0,0,0,0,0,188,15,12,0,2
1,0,1238,184,184,921,185,3,553,2,740,0,1475,184,556,1

1,0,1238,184,184,921,185,3,553,2,740,0,1475,184,556,1

0,0,0,0,0,0,0,0,0,0,0,0,0,0,0,0,0,321,45,493,0,22
0,0,0,0,0,0,0,0,0,1,0,0,0,0,0,1

1,0,0,0,0,1,0,0,0,0,0,0,0,0,0,0,0,243,15,12,0,2
0,0,1623,239,239,1196,240,3,718,2,960,0,1915,239,721,1

0,0,1623,239,239,1196,240,3,718,2,960,0,1915,239,721,1

0,1,0,0,0,0,1,0,1,0,0,3,0,1,0,0,0,50,86,46,0,19
0,0,2,1,1,1,0,9,0,1,7,0,2,0,3,1

0,1,0,0,0,0,1,0,1,0,0,3,0,1,0,0,0,50,86,48,0,19
0,0,2,1,1,1,0,9,0,1,7,0,2,0,3,1

1,0,0,0,0,1,0,0,0,0,0,0,0,0,0,0,0,127,15,12,0,2
1,0,812,123,123,616,124,3,370,2,496,0,987,123,373,1

1,0,812,123,123,616,124,3,370,2,496,0,987,123,373,1

0,0,0,0,0,0,0,0,0,0,0,0,0,0,0,1,0,18,53,27,0,45
0,0,2,0,0,0,0,1,0,1,1,0,0,0,0,1

0,1,0,0,0,0,1,0,1,0,0,3,0,1,0,0,0,50,86,41,0,19
0,0,2,1,1,1,0,9,0,1,7,0,2,0,3,1

0,1,0,0,0,0,1,0,1,0,0,3,0,1,0,0,0,50,86,40,0,19
0,0,2,1,1,1,0,9,0,1,7,0,2,0,3,1

0,0,0,0,0,0,0,0,0,0,2,0,0,0,0,0,0,7,26,153,0,5
0,0,2,0,0,0,0,0,0,1,0,0,0,0,0,1

0,1,0,0,0,0,1,0,1,0,0,3,0,1,0,0,0,50,86,38,0,19
0,0,2,1,1,1,0,9,0,1,7,0,2,0,3,1

0,1,0,0,0,0,1,0,1,0,0,3,0,1,0,0,0,50,86,43,0,19
0,0,2,1,1,1,0,9,0,1,7,0,2,0,3,1

1,0,0,0,0,1,0,0,0,0,0,0,0,0,0,0,0,89,37,242,0,7
3,0,1071,427,426,3328,486,12,668,2,2805,0,3095,726,1581,1

3,0,1071,427,427,3328,486,12,668,2,2805,0,3095,726,1581,1

0,1,0,0,0,0,1,0,1,0,0,3,0,1,0,0,0,50,86,48,0,19
0,0,2,1,1,1,0,9,0,1,7,0,2,0,3,1

1,0,0,0,0,1,0,0,0,0,0,0,0,0,0,0,0,255,15,12,0,2
0,0,1707,251,251,1256,252,3,754,2,1008,0,2011,251,757,1

0,0,1707,251,251,1256,252,3,754,2,1008,0,2011,251,757,1

0,1,0,0,0,0,0,0,0,0,0,0,0,0,0,0,0,5,7,71,1,3
0,0,2,2,2,1,0,1,2,1,1,0,2,0,1,1

0,1,0,0,0,1,0,0,0,0,0,0,0,0,0,0,0,5,21,934,0,4
0,0,5848,1869,1869,4671,935,2,1869,1,2806,0,6543,934,1874,1

0,0,0,0,0,0,0,0,0,0,1,0,0,0,0,1,0,36,86,105,0,11
0,0,2,1,1,0,0,6,0,1,4,0,0,0,2,1

0,0,0,0,0,0,0,0,0,0,2,0,0,0,0,0,0,7,26,158,0,5
0,0,2,0,0,0,0,0,0,1,0,0,0,0,0,1

0,0,0,0,0,2,0,0,0,0,2,0,0,0,0,0,0,45,106,71,0,23
0,0,0,0,0,0,0,0,0,1,0,0,0,0,0,1

0,0,0,0,0,0,0,0,0,0,0,0,0,0,0,0,0,1,0,53,0,0
0,0,0,0,0,0,0,1,0,1,1,0,0,0,1,1

0,0,0,0,0,0,0,0,0,0,2,0,0,0,0,0,0,7,26,157,0,5
0,0,2,0,0,0,0,0,0,1,0,0,0,0,0,1

0,0,0,0,0,0,0,0,0,0,0,0,0,0,0,0,0,0,0,0,0,0
0,0,0,0,0,0,0,0,0,1,0,0,0,0,0,1

0,1,0,0,0,0,1,0,1,0,0,3,0,1,0,0,0,50,86,42,0,19
0,0,2,1,1,1,0,9,0,1,7,0,2,0,3,1

0,1,0,0,0,0,1,0,1,0,0,3,0,1,0,0,0,50,86,44,0,19
0,0,2,1,1,1,0,9,0,1,7,0,2,0,3,1

0,0,0,0,0,0,0,0,0,0,2,0,0,0,0,0,0,7,26,158,0,5
0,0,2,0,0,0,0,0,0,1,0,0,0,0,0,1

0,1,0,0,0,0,0,0,0,0,0,0,0,0,0,0,0,5,7,54,0,3
0,0,2,2,2,1,0,1,2,1,1,0,2,0,1,1

0,1,0,0,0,0,0,0,0,0,0,0,0,0,0,0,0,7,10,95,0,4
0,0,2,0,0,0,0,4,0,1,4,0,0,0,3,1

0,0,0,0,0,0,0,0,0,0,2,0,0,0,0,0,0,7,26,156,0,5
0,0,2,0,0,0,0,0,0,1,0,0,0,0,0,1

0,0,0,0,0,0,0,0,0,0,0,0,0,0,0,0,0,6,6,72,0,0
0,0,0,0,0,0,0,0,0,1,6,0,0,0,6,1

1,0,0,0,0,1,0,0,0,0,0,0,0,0,0,0,0,188,15,12,0,2
1,0,1238,184,184,921,185,3,553,2,740,0,1475,184,556,1

1,0,1238,184,184,921,185,3,553,2,740,0,1475,184,556,1

0,1,0,0,0,0,1,0,1,0,0,3,0,1,0,0,0,50,86,43,0,19
0,0,2,1,1,1,0,9,0,1,7,0,2,0,3,1

0,1,0,0,0,0,1,0,1,0,0,3,0,1,0,0,0,50,86,46,0,19
0,0,2,1,1,1,0,9,0,1,7,0,2,0,3,1

0,1,0,0,0,0,1,0,1,0,0,3,0,1,0,0,0,50,86,36,0,19
0,0,2,1,1,1,0,9,0,1,7,0,2,0,3,1

1,0,0,0,0,1,0,0,0,0,0,0,0,0,0,0,0,15,32,4726,0,5
0,0,0,1,1,2,0,0,1,1,6,0,2,0,4,1

0,1,0,0,0,1,0,0,1,0,0,0,0,0,0,0,0,21,40,56,0,5
0,0,2,206,206,736,213,9,366,1,427,4,967,107,330,1

0,0,0,0,0,2,0,0,0,0,2,0,0,0,0,0,0,45,106,69,0,23
0,0,0,0,0,0,0,0,0,1,0,0,0,0,0,1

0,0,0,0,0,0,0,0,0,0,0,0,0,0,0,0,0,9,29,23,0,9
0,0,2,0,0,0,0,0,0,1,1,0,0,0,0,1

0,1,0,0,0,0,1,0,1,0,0,3,0,1,0,0,0,50,86,36,0,19
0,0,2,1,1,1,0,9,0,1,7,0,2,0,3,1

0,1,0,0,0,0,0,0,0,0,0,0,0,0,0,0,0,1,2,112,0,1
0,0,2,0,0,0,0,0,0,1,0,0,0,0,0,1

0,1,0,0,0,0,0,0,0,0,0,0,0,0,0,0,0,23,18,8856,0,9
0,0,0,0,0,0,0,1,0,1,0,0,0,0,0,1

1,0,0,0,0,1,1,0,0,0,0,0,0,0,0,0,0,12,34,4808,0,5
0,0,0,1,1,0,0,0,1,1,4,0,2,0,4,1

1,0,0,0,0,1,0,0,0,0,0,0,0,0,0,0,0,231,15,12,0,2
0,0,1539,227,227,1136,228,3,682,2,912,0,1819,227,685,1

0,0,1539,227,227,1136,228,3,682,2,912,0,1819,227,685,1

2,0,0,0,0,0,0,0,0,0,0,0,0,0,0,0,0,4,5,777,0,5
2,6,0,1,1,0,0,1,0,2,2,0,1,0,0,1

3,6,11,3,3,2,0,1,0,3,5,0,3,0,0,1

3,6,11,3,3,2,0,1,0,3,5,0,3,0,0,1

0,1,0,0,0,1,0,0,1,0,0,0,0,0,0,0,0,21,40,58,0,5
0,0,2,222,222,792,229,9,394,1,459,4,1039,115,354,1

0,1,0,0,0,0,1,0,1,0,0,3,0,1,0,0,0,50,86,37,0,19
0,0,2,1,1,1,0,9,0,1,7,0,2,0,3,1

2,0,0,0,0,0,0,0,0,0,0,0,0,0,0,0,0,11,19,2378,0,6
0,0,2,2381,2380,5949,1190,4,2382,2,5953,0,9518,0,2382,1

0,0,4,2386,2385,5953,1190,9,2384,3,5956,0,9524,0,2386,1

0,0,4,2386,2386,5953,1190,9,2384,3,5956,0,9524,0,2386,1

0,0,0,0,0,2,0,0,0,0,2,0,0,0,0,0,0,45,106,81,0,23
0,0,0,0,0,0,0,0,0,1,0,0,0,0,0,1

0,1,0,0,0,0,0,0,0,0,0,0,0,0,0,0,0,5,7,71,1,3
0,0,2,2,2,1,0,1,2,1,1,0,2,0,1,1

1,0,0,0,0,1,0,0,0,0,0,0,0,0,0,0,0,179,15,12,0,2
1,0,1175,175,175,876,176,3,526,2,704,0,1403,175,529,1

1,0,1175,175,175,876,176,3,526,2,704,0,1403,175,529,1

0,0,0,0,0,0,0,0,0,0,2,0,0,0,0,0,0,7,26,159,0,5
0,0,2,0,0,0,0,0,0,1,0,0,0,0,0,1

0,0,0,0,0,0,0,0,0,0,0,0,0,0,0,0,0,1,0,63,0,0
0,0,0,0,0,0,0,1,0,1,1,0,0,0,1,1

0,0,0,0,0,2,0,0,0,0,2,0,0,0,0,0,0,45,106,76,0,23
0,0,0,0,0,0,0,0,0,1,0,0,0,0,0,1

2,0,0,0,0,0,0,0,0,0,0,0,0,0,0,0,0,4,5,774,0,5
2,6,0,1,1,0,0,1,0,2,2,0,1,0,0,1

3,6,11,3,3,2,0,1,0,3,5,0,3,0,0,1

3,6,11,3,3,2,0,1,0,3,5,0,3,0,0,1

1,0,0,0,0,1,0,0,0,0,0,0,0,0,0,0,0,231,15,12,0,2
0,0,1539,227,227,1136,228,3,682,2,912,0,1819,227,685,1

0,1,0,0,0,0,1,0,1,0,0,3,0,1,0,0,0,50,86,59,0,19
0,0,2,1,1,1,0,9,0,1,7,0,2,0,3,1

1,0,0,0,0,3,0,0,5,0,0,0,0,0,0,0,0,18,72,2404,0,15
4412,381,285,8793,9781,25763,5493,1021,9410,5,19900,100,33190,5116,13379,1

1,0,0,0,0,1,0,0,0,0,0,0,0,0,0,0,0,127,15,12,0,2
1,0,812,123,123,616,124,3,370,2,496,0,987,123,373,1

0,1,0,0,0,0,1,0,1,0,0,3,0,1,0,0,0,50,86,36,0,19
0,0,2,1,1,1,0,9,0,1,7,0,2,0,3,1

0,1,0,0,0,0,1,0,1,0,0,3,0,1,0,0,0,50,86,44,0,19
0,0,2,1,1,1,0,9,0,1,7,0,2,0,3,1

0,1,0,0,0,0,1,0,1,0,0,3,0,1,0,0,0,50,86,52,0,19
0,0,2,1,1,1,0,9,0,1,7,0,2,0,3,1

0,1,0,0,0,0,0,0,0,0,0,0,0,0,0,0,0,5,7,72,0,3
0,0,2,2,2,1,0,1,2,1,1,0,2,0,1,1

0,0,0,0,0,0,0,0,0,0,2,0,0,0,0,0,0,7,26,157,0,5
0,0,2,0,0,0,0,0,0,1,0,0,0,0,0,1

0,1,0,0,0,0,1,0,1,0,0,3,0,1,0,0,0,50,86,40,0,19
0,0,2,1,1,1,0,9,0,1,7,0,2,0,3,1

0,1,0,0,0,0,1,0,1,0,0,3,0,1,0,0,0,50,86,44,0,19
0,0,2,1,1,1,0,9,0,1,7,0,2,0,3,1

0,1,0,0,0,0,1,0,1,0,0,3,0,1,0,0,0,50,86,41,0,19
0,0,2,1,1,1,0,9,0,1,7,0,2,0,3,1

0,0,0,0,0,0,0,0,0,0,0,0,0,0,0,1,0,18,53,27,0,45
0,0,2,0,0,0,0,1,0,1,1,0,0,0,0,1

0,1,0,0,0,0,1,0,1,0,0,3,0,1,0,0,0,50,86,42,0,19
0,0,2,1,1,1,0,9,0,1,7,0,2,0,3,1

0,0,0,0,0,0,0,0,0,0,0,0,0,0,0,1,0,18,53,27,0,45
0,0,2,0,0,0,0,1,0,1,1,0,0,0,0,1

0,1,0,0,0,0,1,0,1,0,0,3,0,1,0,0,0,50,86,40,0,19
0,0,2,1,1,1,0,9,0,1,7,0,2,0,3,1

0,0,0,0,0,2,0,0,0,0,2,0,0,0,0,0,0,45,106,75,0,23
0,0,0,0,0,0,0,0,0,1,0,0,0,0,0,1

0,0,0,0,0,1,0,0,0,0,0,0,0,0,0,1,0,93,17,12,0,3
0,0,0,91,93,446,90,2,268,1,273,0,717,89,182,1

0,0,0,0,0,0,0,0,0,0,1,0,0,0,0,0,0,861,935,41,0,19
0,0,2,1,1,0,0,18,0,1,3,0,1,0,0,1

1,0,0,0,0,0,0,0,0,0,0,0,0,0,0,0,0,1,2,4632,0,2
2,6,4,2,2,0,0,6,1,2,6,0,2,0,0,1

2,6,4,2,2,0,0,6,1,2,6,0,2,0,0,1

0,1,0,0,0,0,1,0,1,0,0,3,0,1,0,0,0,50,86,59,0,19
0,0,2,1,1,1,0,9,0,1,7,0,2,0,3,1

0,1,0,0,0,1,0,0,1,0,0,0,0,0,0,0,0,21,40,58,0,5
0,0,2,210,210,750,217,9,373,1,435,4,985,109,336,1

0,0,0,0,0,0,0,0,0,0,2,0,0,0,0,0,0,7,26,159,0,5
0,0,2,0,0,0,0,0,0,1,0,0,0,0,0,1

0,0,0,0,0,2,0,0,0,0,2,0,0,0,0,0,0,45,106,77,0,23
0,0,0,0,0,0,0,0,0,1,0,0,0,0,0,1

0,1,0,0,0,0,1,0,1,0,0,3,0,1,0,0,0,50,86,48,0,19
0,0,2,1,1,1,0,9,0,1,7,0,2,0,3,1

0,0,0,0,0,0,0,0,0,0,0,0,0,0,0,0,0,3,8,15,0,1
0,0,2,0,0,0,0,3,0,1,1,0,0,0,1,1

0,0,0,0,0,0,0,0,0,0,0,0,0,0,0,0,0,8,13,26,0,5
0,0,2,0,0,0,0,0,0,1,0,0,0,0,0,1

0,0,0,0,0,2,0,0,0,0,2,0,0,0,0,0,0,45,106,72,0,23
0,0,0,0,0,0,0,0,0,1,0,0,0,0,0,1

1,0,0,0,0,1,1,0,0,0,0,0,0,0,2,0,0,17,51,266,16,12
2,36,41,102,326,302,193,232,161,2,262,46,668,50,103,1

2,36,41,102,326,302,193,232,161,2,262,46,668,50,103,1

2,0,0,0,0,0,0,0,0,0,0,0,0,0,0,0,0,4,5,789,0,5
3,6,11,3,3,2,0,1,0,3,5,0,3,0,0,1

0,1,0,0,0,0,0,0,0,0,0,0,0,0,0,0,0,7,10,95,0,4
0,0,2,0,0,0,0,4,0,1,4,0,0,0,3,1

0,0,0,0,0,0,0,0,0,0,1,0,0,0,0,1,0,15,15,26,0,4
0,0,2,0,0,0,0,1,0,1,1,0,0,0,0,1

0,1,0,0,0,0,1,0,1,0,0,3,0,1,0,0,0,50,86,36,0,19
0,0,2,1,1,1,0,9,0,1,7,0,2,0,3,1

0,1,0,0,0,0,1,0,1,0,0,3,0,1,0,0,0,50,86,36,0,19
0,0,2,1,1,1,0,9,0,1,7,0,2,0,3,1

0,1,0,0,0,0,1,0,1,0,0,3,0,1,0,0,0,50,86,43,0,19
0,0,2,1,1,1,0,9,0,1,7,0,2,0,3,1

0,0,0,0,0,2,0,0,0,0,2,0,0,0,0,0,0,45,106,72,0,23
0,0,0,0,0,0,0,0,0,1,0,0,0,0,0,1

1,0,0,0,0,1,0,0,0,0,0,0,0,0,0,0,0,125,15,12,0,2
1,0,798,121,121,606,122,3,364,2,488,0,971,121,367,1

1,0,798,121,121,606,122,3,364,2,488,0,971,121,367,1

0,1,0,0,0,0,0,0,0,0,0,1,0,0,0,0,0,2,6,125,0,2
0,0,2,0,0,0,0,0,0,1,0,0,0,0,0,1

0,1,0,0,0,0,1,0,1,0,0,3,0,1,0,0,0,50,86,36,0,19
0,0,2,1,1,1,0,9,0,1,7,0,2,0,3,1

0,1,0,0,0,0,1,0,1,0,0,3,0,1,0,0,0,50,86,36,0,19
0,0,2,1,1,1,0,9,0,1,7,0,2,0,3,1

0,1,0,0,0,0,1,0,1,0,0,3,0,1,0,0,0,50,86,39,0,19
0,0,2,1,1,1,0,9,0,1,7,0,2,0,3,1

0,0,0,0,0,0,1,0,0,0,0,0,0,0,0,0,0,26,49,2468,0,9
0,0,2,2,2,1,0,0,0,1,2,0,3,1,3,1

0,0,0,0,0,0,0,0,0,0,1,0,0,0,0,0,0,15,23,60,0,11
0,0,2,0,0,0,0,2,0,1,1,0,0,0,1,1

0,1,0,0,0,0,1,0,1,0,0,3,0,1,0,0,0,50,86,36,0,19
0,0,2,1,1,1,0,9,0,1,7,0,2,0,3,1

0,0,0,0,0,0,0,0,0,0,0,0,0,0,0,0,0,2,4,35,0,4
0,0,0,0,0,0,0,2,0,1,2,0,0,0,0,1

0,0,0,0,0,0,0,0,0,0,0,0,0,0,0,0,0,0,0,0,0,0
2,2,0,0,0,0,0,0,0,1,0,0,0,0,0,1

0,0,0,0,0,0,0,0,0,0,0,0,0,0,0,1,0,21,21,21,0,1
0,0,54,1,1,18,1,19,0,1,21,0,20,0,20,1

0,0,0,0,0,0,0,0,0,0,0,0,0,1,0,0,0,0,3,17,0,1
0,0,2,0,0,0,0,1,0,1,0,0,0,0,0,1

0,1,0,0,0,0,1,0,1,0,0,3,0,1,0,0,0,50,86,36,0,19
0,0,2,1,1,1,0,9,0,1,7,0,2,0,3,1

0,1,0,0,0,0,1,0,1,0,0,3,0,1,0,0,0,50,86,42,0,19
0,0,2,1,1,1,0,9,0,1,7,0,2,0,3,1

0,1,0,0,0,0,1,0,1,0,0,3,0,1,0,0,0,50,86,42,0,19
0,0,2,1,1,1,0,9,0,1,7,0,2,0,3,1

0,0,0,0,0,2,0,0,0,0,2,0,0,0,0,0,0,45,106,71,0,23
0,0,0,0,0,0,0,0,0,1,0,0,0,0,0,1

0,1,0,0,0,0,1,0,1,0,0,3,0,1,0,0,0,50,86,42,0,19
0,0,2,1,1,1,0,9,0,1,7,0,2,0,3,1

0,1,0,0,0,0,1,0,1,0,0,3,0,1,0,0,0,50,86,48,0,19
0,0,2,1,1,1,0,9,0,1,7,0,2,0,3,1

