0,0,0,0,0,0,0,0,0,0,1,1,0,0,0,0,0,12,23,27,0,6
0,0,2,3,3,0,1,4,2,1,7,0,3,0,1,0

0,0,0,0,0,0,0,0,0,0,0,0,0,0,0,0,0,2,2,7,0,0
0,0,0,0,0,0,0,0,0,1,0,0,0,0,0,0

0,1,0,0,0,0,0,0,0,0,0,1,0,0,0,0,0,5,7,66,3,2
0,2,2,0,0,0,0,1,0,1,1,0,0,0,0,0

0,0,0,0,0,0,0,0,0,0,1,1,0,0,0,0,0,17,33,27,0,7
0,0,2,4,4,0,1,4,3,1,11,0,4,0,1,0

0,0,0,0,0,0,0,0,0,0,0,1,0,0,0,0,0,3,17,36,0,1
0,0,2,0,0,0,0,2,0,1,1,0,0,0,0,0

0,0,0,0,0,0,0,0,0,0,0,0,0,0,0,0,0,4,5,59,0,1
0,0,2,0,0,0,0,0,0,1,0,0,0,0,0,0

0,0,0,0,0,0,0,0,0,0,1,0,0,0,0,0,0,8,21,40,0,5
0,0,2,0,0,0,0,0,0,1,0,0,0,0,0,0

0,0,0,0,0,0,0,0,0,0,0,0,0,0,0,0,0,590,3,121,0,0
0,0,0,0,0,0,0,0,0,1,0,0,0,0,0,0

0,0,0,0,0,0,0,0,0,0,1,0,0,0,0,1,0,15,31,89,0,15
0,0,2,0,0,0,0,0,0,1,0,0,0,0,0,0

0,0,0,0,0,0,0,0,0,0,0,0,0,0,0,0,0,10,13,21,0,2
0,0,0,0,0,0,0,0,0,1,0,0,0,0,0,0

0,0,0,0,0,0,0,0,0,0,0,0,0,0,0,0,0,2,7,60,0,2
0,0,0,0,0,0,0,1,0,1,1,0,0,0,0,0

0,1,0,0,0,0,0,0,0,0,0,0,0,0,0,0,0,6,8,18,0,2
0,0,2,1,1,2,0,2,0,1,3,0,3,0,3,0

0,0,0,0,0,0,0,0,0,0,0,0,0,0,0,0,0,29,0,29,0,0
0,0,0,0,0,0,0,2,0,1,17,0,0,0,2,0

0,0,0,0,0,0,0,0,0,0,0,0,0,0,0,0,0,42,0,96,0,0
0,0,0,0,0,0,0,1,0,1,22,0,0,0,1,0

0,0,0,0,0,0,0,0,0,0,0,0,0,0,0,0,0,3,5,161,0,1
0,0,0,0,0,0,0,0,0,1,0,0,0,0,0,0

0,0,0,0,0,0,0,0,0,0,0,0,0,0,0,0,0,1,5,14,0,2
0,0,0,0,0,0,0,2,0,1,0,0,0,0,0,0

0,0,0,0,0,0,0,0,0,0,0,0,0,0,0,0,0,1,6,18,0,1
0,0,0,0,0,0,0,0,0,1,0,0,0,0,0,0

0,0,0,0,0,0,0,0,0,0,0,0,0,0,0,0,0,4,4,20,0,0
0,0,0,0,0,0,0,0,0,1,4,0,0,0,4,0

0,0,0,0,0,0,0,0,0,0,0,0,0,0,0,0,0,0,0,0,0,0
0,0,0,0,0,0,0,0,0,1,0,0,0,0,0,0

0,0,0,0,0,0,0,0,0,0,0,0,0,0,0,0,0,9,44,302,0,10
0,0,2,0,0,0,0,1,0,1,1,0,0,0,0,0

0,0,0,0,0,0,0,0,0,0,0,0,0,0,0,0,0,5,8,14,0,4
0,0,0,0,0,0,0,0,0,1,0,0,0,0,0,0

0,0,0,0,0,0,0,0,0,0,0,0,0,0,0,0,0,1,5,10,0,4
0,0,2,0,0,0,0,0,0,1,0,0,0,0,0,0

0,0,0,0,0,0,0,0,0,0,0,0,0,0,0,0,0,4,4,20,0,0
0,0,0,0,0,0,0,0,0,1,4,0,0,0,4,0

0,0,0,0,0,2,0,0,0,0,2,0,0,0,0,0,0,45,106,82,0,23
0,0,0,0,0,0,0,0,0,1,0,0,0,0,0,0

0,0,0,0,0,0,0,0,0,0,0,0,0,0,0,0,0,7,0,7,0,0
0,0,0,0,0,0,0,7,0,1,7,0,0,0,7,0

0,0,0,0,0,0,0,0,0,0,0,0,0,0,0,0,0,7,32,18,0,3
0,0,2,0,0,0,0,2,0,1,2,0,0,0,1,0

0,1,0,0,0,0,0,0,0,0,0,1,0,0,0,0,0,5,7,92,4,2
0,2,2,0,0,0,0,1,0,1,1,0,0,0,0,0

0,1,0,0,0,0,0,0,0,0,0,0,0,0,0,0,0,3,7,107,0,1
0,0,2,0,0,0,0,0,0,1,0,0,0,0,0,0
 
0,0,0,0,0,0,0,0,0,0,1,1,0,0,0,0,0,19,43,31,0,7
0,0,0,0,0,0,0,0,0,1,1,0,0,0,0,0

0,1,0,2,0,0,0,0,0,0,0,0,1,1,0,0,0,12,21,117,0,4
0,0,2,0,0,0,0,0,0,1,0,0,0,0,0,0

0,0,0,0,0,0,0,0,0,0,0,0,0,0,0,0,0,0,1,8,0,1
0,0,0,0,0,0,0,0,0,1,0,0,0,0,0,0

0,0,0,0,0,0,0,0,0,0,0,0,0,0,0,0,0,9,27,13,0,6
0,0,2,0,0,0,0,1,0,1,1,0,0,0,0,0

0,0,0,0,0,0,0,0,0,0,0,0,0,0,0,0,0,9,44,278,0,10
0,0,2,0,0,0,0,1,0,1,1,0,0,0,0,0

0,0,0,0,0,0,0,0,0,0,0,0,0,0,0,0,0,305,33,638,4,16
0,0,0,0,0,0,0,0,0,1,0,0,0,0,0,0

0,1,0,0,0,0,0,0,0,0,0,0,0,0,0,0,0,6,8,18,0,2
0,0,2,1,1,2,0,2,0,1,3,0,3,0,3,0

0,1,0,0,0,0,0,0,0,0,0,0,0,0,0,0,0,13,10,86,0,4
0,0,2,0,0,0,0,2,0,1,2,0,0,0,0,0

0,0,0,0,0,0,0,0,0,0,0,0,0,0,0,0,0,5,0,10,0,0
0,0,0,0,0,0,0,5,0,1,5,0,0,0,5,0

0,0,0,0,0,0,0,0,0,0,0,0,0,0,0,0,0,16,32,35,0,9
0,0,0,0,0,0,0,2,0,1,0,0,0,0,0,0

0,0,0,0,0,0,0,0,0,0,0,0,0,0,0,0,0,2,1,14,0,1
0,0,0,0,0,0,0,0,0,1,0,0,0,0,0,0

0,0,0,0,0,0,0,0,0,0,0,0,0,0,0,0,0,1,2,156,18,2
0,2,0,0,0,0,0,0,0,1,0,0,0,0,0,0

0,0,0,0,0,1,0,0,0,0,2,0,0,0,0,0,0,97,178,74,0,32
0,0,0,0,0,0,0,0,0,1,0,0,0,0,0,0

0,0,0,0,0,0,0,0,0,0,0,0,0,0,0,0,0,14,10,45,0,5
0,0,0,0,0,0,0,0,0,1,0,0,0,0,0,0

0,0,0,0,0,0,0,0,0,0,0,0,0,0,0,0,0,1,3,8,0,0
0,0,0,0,0,0,0,0,0,1,0,0,0,0,0,0

0,0,0,0,0,0,1,0,0,0,1,0,0,0,0,0,0,18,66,165,0,14
0,0,2,1,1,0,0,7,1,1,3,0,0,0,0,0

0,0,0,0,0,0,0,0,0,0,0,0,0,0,0,0,0,3,2,25,0,0
0,0,0,0,0,0,0,1,0,1,1,0,0,0,0,0

0,0,1,0,0,0,0,0,0,0,1,0,0,0,0,0,0,23,60,47,0,16
0,0,2,2,2,0,0,15,0,1,1,0,1,0,1,0

0,0,0,0,0,0,0,0,0,0,0,0,0,0,0,0,0,1,6,18,0,1
0,0,0,0,0,0,0,0,0,1,0,0,0,0,0,0

0,0,0,0,0,0,0,0,0,0,1,0,0,0,0,1,0,15,31,85,0,15
0,0,2,0,0,0,0,0,0,1,0,0,0,0,0,0

0,0,0,0,0,0,0,0,0,0,0,0,0,0,0,0,0,19,28,21,0,5
0,0,2,0,0,0,0,1,0,1,0,0,0,0,0,0

0,0,0,0,0,0,0,0,0,0,0,0,0,0,0,0,0,4,4,20,0,0
0,0,0,0,0,0,0,0,0,1,4,0,0,0,4,0

0,0,0,0,0,1,0,0,0,0,2,0,0,0,0,0,0,113,208,89,0,40
0,0,0,0,0,0,0,0,0,1,0,0,0,0,0,0

0,0,0,0,0,0,0,0,0,0,0,0,0,0,0,0,0,19,25,11,0,3
0,0,0,0,0,0,0,0,0,1,0,0,0,0,0,0

0,0,0,0,0,0,0,0,0,0,0,0,0,0,0,0,0,0,0,0,0,0
0,0,2,0,0,0,0,0,0,1,0,0,0,0,0,0

0,0,0,0,0,0,0,0,0,0,0,0,0,0,0,0,0,1,2,17,0,2
0,0,0,0,0,0,0,0,0,1,0,0,0,0,0,0

0,0,0,0,0,0,0,0,0,0,0,0,0,0,0,0,0,19,0,12,0,0
0,0,0,0,0,0,0,1,0,1,0,0,0,0,0,0

0,0,0,3,0,0,0,0,0,0,0,0,1,1,0,0,0,11,24,24,0,5
0,0,2,0,0,0,0,0,0,1,0,0,0,0,0,0

0,0,0,0,0,0,0,0,0,0,0,0,0,0,0,0,0,3,15,16,0,2
0,0,0,0,0,0,0,1,0,1,1,0,0,0,0,0

0,0,0,0,0,0,0,0,0,0,0,0,0,0,0,0,0,10,13,17,0,2
0,0,0,0,0,0,0,0,0,1,0,0,0,0,0,0

0,1,0,2,0,0,0,0,0,0,0,0,1,1,0,0,0,12,21,59,0,4
0,0,2,0,0,0,0,0,0,1,0,0,0,0,0,0

0,0,0,0,0,0,0,0,0,0,0,0,0,0,0,0,0,14,23,25,0,14
0,0,2,0,0,0,0,0,0,1,0,0,0,0,0,0

0,0,0,2,0,0,3,0,0,0,5,1,0,0,0,0,0,100,223,44,0,44
0,0,2,1,1,0,0,13,0,1,9,0,1,0,2,0

0,0,0,0,0,0,0,0,0,0,0,0,0,0,0,0,0,19,0,36,0,0
0,0,0,0,0,0,0,19,0,1,19,0,0,0,19,0

0,0,0,0,0,0,0,0,0,0,0,0,0,0,0,0,0,1,2,13,0,1
0,0,0,0,0,0,0,0,0,1,1,0,0,0,1,0

0,0,0,0,0,0,0,0,0,0,0,0,0,0,0,0,0,1,2,14,0,1
0,0,0,0,0,0,0,0,0,1,1,0,0,0,1,0

0,0,0,0,0,0,0,0,0,0,0,0,0,0,0,0,0,13,14,27,0,4
0,0,0,0,0,0,0,0,0,1,0,0,0,0,0,0

0,0,0,0,0,0,0,0,0,0,1,0,0,2,0,0,0,7,28,30,0,7
0,0,2,1,1,0,0,3,0,1,1,0,0,0,0,0

0,0,0,0,0,0,0,0,0,0,0,0,0,0,0,0,0,1,3,58,0,2
0,0,0,0,0,0,0,1,0,1,0,0,0,0,0,0

0,0,0,0,0,0,0,0,0,0,0,0,0,0,0,0,0,1,1,6,0,1
0,0,0,0,0,0,0,0,0,1,0,0,0,0,0,0

0,0,0,0,0,0,0,0,0,0,0,0,0,0,0,0,0,7,12,14,0,5
0,0,2,0,0,0,0,0,0,1,0,0,0,0,0,0

0,0,0,0,0,0,0,0,0,0,0,0,0,0,0,0,0,1,2,8,0,1
0,0,0,0,0,0,0,0,0,1,0,0,0,0,0,0

0,0,0,0,0,0,0,0,0,0,0,0,0,0,0,0,0,1,0,21,0,0
0,0,0,0,0,0,0,1,0,1,1,0,0,0,1,0

0,0,0,0,0,0,0,0,0,0,0,0,0,0,0,0,0,0,0,0,0,0
0,0,0,0,0,0,0,0,0,1,0,0,0,0,0,0

0,0,0,0,0,0,0,0,0,0,0,0,0,0,0,0,0,4,16,433,0,4
0,0,0,0,0,0,0,0,0,1,0,0,0,0,0,0

0,0,0,0,0,0,0,0,0,0,1,0,0,0,0,0,0,14,47,39,0,8
0,0,2,0,0,0,0,0,0,1,1,0,0,0,0,0

0,0,0,0,0,0,0,0,0,0,0,0,0,0,0,0,0,5,10,15,0,6
0,0,0,0,0,0,0,1,0,1,1,0,0,0,0,0

0,0,0,0,0,0,0,0,0,0,0,0,0,0,0,0,0,4,0,24,4,0
0,0,0,0,0,0,0,1,0,1,3,0,0,0,1,0

0,0,0,0,0,0,0,0,0,0,1,0,0,0,0,0,0,8,12,36,0,5
0,0,2,1,1,0,0,3,0,1,2,0,0,0,1,0

0,0,0,0,0,0,0,0,0,0,0,0,0,0,1,1,0,3,9,10,0,2
0,0,2,0,0,0,0,0,0,1,0,0,0,0,0,0

0,0,0,0,0,0,0,0,0,0,0,0,0,0,0,0,0,74,85,55,0,34
0,0,0,0,0,0,0,2,0,1,1,0,0,0,0,0

0,0,0,0,0,0,0,0,0,0,1,0,0,0,0,0,0,11,43,113,0,8
0,0,0,0,0,0,0,0,0,1,1,0,0,0,0,0

0,1,0,0,0,0,0,0,0,0,0,0,0,0,0,0,0,15,25,233,0,5
0,0,2,0,0,0,0,10,0,1,10,0,0,0,8,0

0,0,0,0,0,0,0,0,0,0,0,0,0,0,0,0,0,0,0,0,0,0
0,0,0,0,0,0,0,0,0,1,0,0,0,0,0,0

0,0,0,0,0,0,0,0,0,0,1,1,0,0,0,0,0,12,23,27,0,6
0,0,2,3,3,0,1,4,2,1,7,0,3,0,1,0

0,0,0,0,0,0,0,0,0,0,0,0,0,0,0,0,0,0,0,0,0,0
0,0,2,0,0,0,0,0,0,1,0,0,0,0,0,0

0,0,0,0,0,0,0,0,0,0,0,0,0,0,0,0,0,2,3,36,0,2
0,0,0,0,0,0,0,0,0,1,0,0,0,0,0,0

0,3,0,0,0,0,0,0,1,0,0,0,0,0,0,0,0,18,37,85,0,6
0,0,2,75,75,191,38,1,112,1,127,1,263,37,82,0

0,0,0,0,0,0,0,0,0,0,0,0,0,0,0,0,0,8,10,16,0,4
0,0,0,0,0,0,0,1,0,1,0,0,0,0,0,0

0,0,0,0,0,0,0,0,0,0,1,0,0,0,0,0,0,4,17,26,0,4
0,0,2,1,2,0,1,4,1,1,1,0,1,1,0,0

0,0,0,0,0,0,0,0,0,0,1,1,0,0,0,0,0,13,62,37,0,8
0,0,2,0,0,0,0,1,0,1,1,0,0,0,0,0

0,0,0,0,0,0,0,0,0,0,1,0,0,0,0,0,0,12,46,39,0,7
0,0,2,0,0,0,0,0,0,1,1,0,0,0,0,0

0,0,0,0,0,0,0,0,0,0,1,0,0,0,0,1,0,15,31,80,0,15
0,0,2,0,0,0,0,0,0,1,0,0,0,0,0,0

0,0,0,0,0,0,0,0,0,0,0,0,0,0,0,0,0,12,0,67,0,0
0,0,0,0,0,0,0,1,0,1,7,0,0,0,1,0

0,0,0,0,0,0,0,0,0,0,1,1,0,0,0,0,0,9,24,41,0,4
0,0,2,1,1,0,2,5,1,1,3,1,3,0,1,0

0,0,0,0,0,0,0,0,0,0,0,0,0,0,0,0,0,7,8,13,0,3
0,0,0,3,3,1,1,1,3,1,11,0,4,1,1,0

0,0,0,0,0,0,0,0,0,0,0,0,0,0,0,0,0,10,0,39,0,0
0,0,0,0,0,0,0,1,0,1,6,0,0,0,1,0

0,0,0,0,0,0,0,0,0,0,0,0,0,0,0,0,0,1,5,14,0,2
0,0,0,0,0,0,0,2,0,1,0,0,0,0,0,0

0,0,0,0,0,0,0,0,0,0,0,0,0,0,0,0,0,3,5,16,0,1
0,0,0,0,0,0,0,0,0,1,0,0,0,0,0,0
  
0,0,0,0,0,0,0,0,0,0,0,0,0,0,0,0,0,41,48,24,0,11
0,0,0,0,0,0,0,9,0,1,1,0,0,0,0,0

0,0,0,0,0,0,0,0,0,0,0,0,0,0,0,0,0,1,5,10,0,4
0,0,0,0,0,0,0,0,0,1,0,0,0,0,0,0

0,0,0,0,0,0,0,0,0,0,0,0,0,0,0,0,0,72,101,33,0,24
0,0,0,0,0,0,0,0,0,1,0,0,0,0,0,0

0,0,0,0,0,0,0,0,0,0,0,0,0,0,0,0,0,4,4,16,0,0
0,0,0,0,0,0,0,0,0,1,4,0,0,0,4,0

0,0,0,0,0,0,0,0,0,0,0,0,0,0,0,0,0,3,2,12,0,1
0,0,0,0,0,0,0,0,0,1,0,0,0,0,0,0

0,0,0,0,0,0,0,0,0,0,0,0,0,0,0,0,0,0,1,10,0,0
0,0,0,0,0,0,1,1,0,1,1,0,1,0,1,0

0,0,0,0,0,0,0,0,0,0,0,0,0,0,0,0,0,2,4,11,0,1
0,0,0,0,0,0,0,0,0,1,0,0,0,0,0,0

0,0,0,0,0,0,0,0,0,0,0,0,0,0,0,0,0,0,2,4,0,1
0,0,0,0,0,0,0,1,0,1,0,0,0,0,0,0

0,0,0,0,0,0,0,0,0,0,0,0,0,0,0,0,0,6,10,14,0,3
0,0,2,0,0,0,0,0,0,1,0,0,0,0,0,0

0,0,0,0,0,0,0,0,0,0,0,0,0,0,0,0,0,0,0,0,0,0
0,0,0,0,0,0,0,0,0,1,0,0,0,0,0,0

0,1,0,0,0,0,0,0,0,0,0,1,0,0,0,0,0,5,7,66,3,2
0,2,2,0,0,0,0,1,0,1,1,0,0,0,0,0

0,0,0,0,0,0,0,0,0,0,0,0,0,0,0,0,0,2,0,10,0,0
0,0,0,0,0,0,0,2,0,1,2,0,0,0,2,0

0,0,0,0,0,0,0,0,0,0,0,0,0,0,0,0,0,6,10,14,0,3
0,0,2,0,0,0,0,0,0,1,0,0,0,0,0,0

0,1,0,0,0,0,0,0,0,0,0,0,0,0,1,0,0,36,109,1680,10,8
0,0,2,2,2,0,1,9,1,1,5,0,3,1,4,0

0,0,0,0,0,0,0,0,0,0,0,0,0,0,0,0,0,5,6,23,0,2
0,0,0,0,0,0,0,0,0,1,0,0,0,0,0,0

0,1,0,0,0,0,0,0,0,0,0,0,0,0,0,0,0,3,2,87,0,1
0,0,2,0,0,0,0,0,0,1,0,0,0,0,0,0

0,0,0,0,0,1,0,0,0,0,2,0,0,0,0,0,0,84,194,85,0,36
0,0,0,0,0,0,0,0,0,1,0,0,0,0,0,0

0,0,0,0,0,0,0,0,0,0,0,0,0,0,0,0,0,7,6,122,0,6
0,0,0,0,0,0,0,1,0,1,1,0,0,0,0,0

0,0,0,0,0,0,0,0,0,0,0,0,0,0,0,0,0,2,1,38,0,1
0,0,0,0,0,0,0,0,0,1,0,0,0,0,0,0

0,0,0,0,0,0,0,0,0,0,1,1,0,0,0,0,0,15,27,27,0,8
0,0,2,5,5,0,1,4,4,1,12,0,5,0,1,0

0,0,0,0,0,0,0,0,0,0,0,0,0,0,0,0,0,2,0,22,0,0
0,0,0,0,0,0,0,2,0,1,2,0,0,0,2,0

0,0,0,0,0,0,0,0,0,0,0,0,0,0,0,0,0,4,10,12,0,3
0,0,0,0,0,0,0,3,0,1,6,0,0,0,2,0

0,0,0,0,0,0,0,0,0,0,0,0,0,0,0,0,0,1,5,10,0,4
0,0,0,0,0,0,0,0,0,1,0,0,0,0,0,0

0,0,0,0,0,0,0,0,0,0,0,0,0,0,0,0,0,4,4,23,0,0
0,0,0,0,0,0,0,0,0,1,4,0,0,0,4,0

0,0,0,0,0,0,0,0,0,0,0,0,0,0,0,0,0,0,0,0,0,0
0,0,2,0,0,0,0,0,0,1,0,0,0,0,0,0

0,0,0,0,0,1,0,0,0,0,2,0,0,0,0,0,0,113,208,112,0,40
0,0,0,0,0,0,0,0,0,1,0,0,0,0,0,0

0,0,0,0,0,0,0,0,0,0,1,0,0,0,0,0,0,12,46,39,0,7
0,0,2,0,0,0,0,0,0,1,1,0,0,0,0,0

0,0,0,0,0,0,0,0,0,0,0,0,0,0,0,0,0,4,16,462,0,4
0,0,0,0,0,0,0,0,0,1,0,0,0,0,0,0

0,1,0,0,0,0,0,0,0,0,0,0,0,0,0,0,0,6,8,18,0,2
0,0,2,1,1,2,0,2,0,1,3,0,3,0,3,0
      
0,0,0,0,0,0,0,0,0,0,0,0,0,0,0,0,0,4,16,461,0,4
0,0,0,0,0,0,0,0,0,1,0,0,0,0,0,0

0,0,0,0,0,0,0,0,0,0,0,0,0,0,0,0,0,4,4,20,0,0
0,0,0,0,0,0,0,0,0,1,4,0,0,0,4,0

0,0,0,0,0,0,0,0,0,0,0,0,0,0,0,0,0,9,44,290,0,10
0,0,2,0,0,0,0,1,0,1,1,0,0,0,0,0

0,0,0,0,0,0,1,0,0,0,1,0,0,0,0,0,0,18,66,165,0,14
0,0,2,1,1,0,0,7,1,1,3,0,0,0,0,0

0,0,0,0,0,0,0,0,0,0,0,0,0,0,0,0,0,2,2,7,0,0
0,0,0,0,0,0,0,0,0,1,0,0,0,0,0,0

0,1,0,0,0,0,0,0,0,0,0,0,0,0,0,0,0,6,8,18,0,2
0,0,2,1,1,2,0,2,0,1,3,0,3,0,3,0

0,0,0,0,0,0,0,0,0,0,1,1,0,0,0,0,0,12,23,27,0,6
0,0,2,3,3,0,1,4,2,1,7,0,3,0,1,0

0,0,0,0,0,0,0,0,0,0,1,0,0,0,0,0,0,12,46,39,0,7
0,0,2,0,0,0,0,0,0,1,1,0,0,0,0,0

0,0,0,0,0,0,0,0,0,0,0,0,0,0,0,0,0,3,3,9,0,0
0,0,0,0,0,0,0,1,0,1,4,0,0,0,1,0
  
0,0,0,0,0,0,0,0,0,0,0,0,0,0,0,0,0,0,1,8,0,1
0,0,0,0,0,0,0,0,0,1,0,0,0,0,0,0

0,0,0,0,0,0,0,0,0,0,0,0,0,0,0,0,0,4,5,13,0,2
0,0,0,0,0,0,0,0,0,1,0,0,0,0,0,0

0,0,0,0,0,0,0,0,0,0,0,0,0,0,0,0,0,24,0,95,4,0
0,0,0,0,0,0,0,1,0,1,13,0,0,0,1,0

0,0,0,0,0,0,0,0,0,0,0,0,0,0,0,0,0,1,0,362,0,0
0,0,0,0,0,0,0,1,0,1,1,0,0,0,1,0

0,0,0,0,0,0,0,0,0,0,0,0,0,0,0,0,0,0,0,0,0,0
0,0,0,0,0,0,0,0,0,1,0,0,0,0,0,0

0,0,0,0,0,1,0,0,0,0,2,0,0,0,0,0,0,99,174,74,0,28
0,0,0,0,0,0,0,0,0,1,0,0,0,0,0,0

0,0,0,0,0,0,0,0,0,0,0,0,0,0,0,0,0,18,5,84,0,0
0,0,0,0,0,0,0,0,0,1,0,0,0,0,0,0

0,0,0,0,0,0,0,0,0,0,0,0,0,0,0,0,0,9,44,309,0,10
0,0,2,0,0,0,0,1,0,1,1,0,0,0,0,0

0,0,0,0,0,0,0,0,0,0,0,0,0,0,0,0,0,1,6,20,0,0
0,0,2,0,0,0,0,0,0,1,0,0,0,0,0,0
   
0,0,0,0,0,0,0,0,0,0,0,0,0,0,0,0,0,0,0,0,0,0
0,0,2,0,0,0,0,0,0,1,0,0,0,0,0,0
  
0,0,0,0,0,0,0,0,0,0,1,1,0,0,0,0,0,14,25,27,0,7
0,0,2,4,4,0,1,4,3,1,10,0,4,0,1,0

0,0,0,0,0,0,0,0,0,0,0,0,0,0,0,0,0,3,13,14,0,1
0,0,2,0,0,0,0,1,0,1,1,0,0,0,0,0

0,0,0,0,0,0,0,0,0,0,0,0,0,0,0,0,0,6,0,48,4,0
0,0,0,0,0,0,0,1,0,1,4,0,0,0,1,0

0,0,0,0,0,0,0,0,0,0,1,0,0,0,0,0,0,14,21,28,0,8
0,0,2,4,4,0,1,3,3,1,11,0,4,0,1,0

0,0,0,0,0,0,0,0,0,0,0,0,0,0,0,0,0,0,0,0,0,0
0,0,0,0,0,0,0,0,0,1,0,0,0,0,0,0

0,0,0,0,0,0,0,0,0,0,0,0,0,0,0,0,0,8,0,10,0,0
0,0,0,0,0,0,0,1,0,1,5,0,0,0,1,0

0,0,0,0,0,0,0,0,0,0,0,0,0,0,0,0,0,1,5,14,0,2
0,0,0,0,0,0,0,2,0,1,0,0,0,0,0,0

0,0,0,0,0,0,0,0,0,0,0,0,0,0,0,0,0,0,0,0,0,0
0,0,0,0,0,0,0,0,0,1,0,0,0,0,0,0

0,0,0,0,0,0,0,0,0,0,1,1,0,0,0,0,0,13,29,63,0,9
0,0,2,1,1,0,0,4,0,1,5,0,0,0,1,0

0,0,0,0,0,0,1,0,0,0,1,0,0,0,0,0,0,18,66,165,0,14
0,0,2,1,1,0,0,7,1,1,3,0,0,0,0,0

0,0,0,0,0,0,0,0,0,0,0,0,0,0,0,0,0,3,3,15,0,2
0,0,0,0,0,0,0,0,0,1,0,0,0,0,0,0

0,0,0,0,0,0,0,0,0,0,0,0,0,0,0,0,0,4,4,36,0,0
0,0,0,0,0,0,0,0,0,1,4,0,0,0,4,0

0,0,0,0,0,0,0,0,0,0,0,0,0,0,0,0,0,14,0,101,0,0
0,0,0,0,0,0,0,1,0,1,8,0,0,0,1,0

0,0,0,0,0,0,0,0,0,0,0,0,0,0,0,0,0,4,4,20,0,0
0,0,0,0,0,0,0,0,0,1,4,0,0,0,4,0

0,0,0,0,0,0,0,0,0,0,0,0,0,0,0,0,0,1,3,11,0,1
0,0,0,0,0,0,0,0,0,1,0,0,0,0,0,0

0,0,0,0,0,0,0,0,0,0,0,2,0,0,0,0,0,3,6,88,0,1
0,0,0,0,0,0,0,1,0,1,0,0,0,0,0,0

0,0,0,0,0,0,0,0,0,0,0,0,0,0,0,0,0,4,4,23,0,0
0,0,0,0,0,0,0,0,0,1,4,0,0,0,4,0

0,0,0,0,0,0,0,0,0,0,0,0,0,0,0,0,0,2,2,17,0,0
0,0,0,0,0,0,0,3,0,1,1,0,0,0,1,0

0,0,0,0,0,0,0,0,0,0,0,0,0,0,0,0,0,8,1,11,0,1
0,0,0,0,0,0,0,0,0,1,0,0,0,0,0,0

0,1,0,0,0,0,0,0,0,0,0,0,0,0,0,0,0,6,8,18,0,2
0,0,2,1,1,2,0,2,0,1,3,0,3,0,3,0
   
0,0,0,0,0,0,0,0,0,0,1,1,0,0,0,0,0,12,23,29,0,6
0,0,2,3,3,0,1,4,2,1,7,0,3,0,1,0

0,0,0,0,0,0,0,0,0,0,0,0,0,0,0,0,0,2,2,11,0,1
0,0,0,0,0,0,0,0,0,1,0,0,0,0,0,0

0,0,0,0,0,0,0,0,0,0,0,0,0,0,0,0,0,1,3,11,0,0
0,0,0,0,0,0,0,0,0,1,0,0,0,0,0,0

0,0,0,0,0,0,0,0,0,0,2,0,0,0,0,0,0,24,81,45,0,13
0,0,2,0,0,0,0,0,0,1,1,0,0,0,0,0
			
0,0,0,0,0,0,0,0,0,0,1,0,0,0,0,0,0,4,24,78,0,5
0,0,2,0,0,0,0,0,0,1,1,0,0,0,0,0

0,0,0,0,0,0,0,0,0,0,0,0,0,0,0,0,0,0,2,5,0,1
0,0,0,0,0,0,0,0,0,1,0,0,0,0,0,0

0,0,0,0,0,0,0,0,0,0,0,0,0,0,0,0,0,4,0,76,0,0
0,0,0,0,0,0,0,1,0,1,3,0,0,0,1,0
   
0,0,0,0,0,0,0,0,0,0,0,0,0,0,0,0,0,0,0,0,0,0
0,0,2,0,0,0,0,0,0,1,0,0,0,0,0,0

0,0,0,0,0,0,0,0,0,0,0,0,0,0,0,0,0,0,0,0,0,0
0,0,2,0,0,0,0,0,0,1,0,0,0,0,0,0

0,0,0,0,0,0,0,0,0,0,0,5,0,0,0,0,0,2,13,21,0,1
0,0,0,0,0,0,0,1,0,1,0,0,0,0,0,0

0,0,0,0,0,0,0,0,0,0,0,0,0,0,0,0,0,12,12,20,0,0
0,0,0,0,0,0,0,1,0,1,13,0,0,0,1,0

0,0,0,0,0,0,0,0,0,0,0,0,0,0,0,0,0,5,6,23,0,2
0,0,0,0,0,0,0,0,0,1,0,0,0,0,0,0

0,0,0,0,0,0,6,0,0,0,0,1,0,0,0,0,0,42,75,81,5,20
0,0,2,1,1,0,0,13,0,1,5,0,0,0,0,0

0,0,0,0,0,0,0,0,0,0,0,0,0,0,0,0,0,13,18,16,0,4
0,0,2,0,0,0,0,0,0,1,0,0,0,0,0,0

0,1,0,0,0,0,0,0,0,0,0,0,0,0,0,0,0,2,5,136,0,1
0,0,2,0,0,0,0,0,0,1,0,0,0,0,0,0

0,0,0,0,0,0,0,0,0,0,1,0,0,0,0,1,0,15,31,87,0,15
0,0,2,0,0,0,0,0,0,1,0,0,0,0,0,0

0,0,0,0,0,0,0,0,0,0,1,0,0,0,0,1,0,15,31,89,0,15
0,0,2,0,0,0,0,0,0,1,0,0,0,0,0,0

0,0,0,0,0,0,0,0,0,0,0,0,0,0,0,0,0,2,4,11,0,1
0,0,0,0,0,0,0,0,0,1,0,0,0,0,0,0

0,0,0,0,0,0,0,0,0,0,0,0,0,0,0,0,0,1,3,15,0,0
0,0,0,1,1,0,0,0,0,1,1,1,2,0,1,0
		
0,0,0,0,0,0,0,0,0,0,0,0,0,0,0,0,0,3,17,15,0,12
0,0,0,0,0,0,0,0,0,1,0,0,0,0,0,0

0,0,0,0,0,0,0,0,0,0,0,0,0,0,0,0,0,0,0,0,0,0
0,0,2,0,0,0,0,0,0,1,0,0,0,0,0,0

0,2,0,0,0,0,0,0,0,0,0,0,0,0,0,0,0,7,7,52,0,4
0,0,2,0,0,0,0,0,0,1,0,0,0,0,0,0

0,0,0,0,0,0,0,0,0,0,0,0,0,0,0,0,0,2,3,11,0,2
0,0,0,0,0,0,0,0,0,1,0,0,0,0,0,0

0,0,0,0,0,0,0,0,0,0,0,0,0,0,0,0,0,4,13,26,0,7
0,0,0,0,0,0,0,0,0,1,0,0,0,0,0,0

0,0,0,0,0,0,0,0,0,0,0,0,0,0,0,0,0,1,10,11,0,5
0,0,2,0,0,0,0,0,0,1,0,0,0,0,0,0

0,0,0,0,0,0,0,0,0,0,0,2,0,0,0,0,0,0,11,8,0,0
0,0,0,0,0,0,0,0,0,1,0,0,0,0,0,0

0,0,0,0,0,0,0,0,0,0,0,0,0,0,0,0,0,0,0,0,0,0
0,0,0,0,0,0,0,0,0,1,0,0,0,0,0,0

0,0,0,0,0,0,0,0,0,0,1,1,0,0,0,0,0,12,23,27,0,6
0,0,2,3,3,0,1,4,2,1,7,0,3,0,1,0

0,0,0,0,0,0,0,0,0,0,0,0,0,0,0,0,0,23,0,74,0,0
0,0,0,0,0,0,0,20,0,1,24,0,0,0,20,0

0,0,0,0,0,0,0,0,0,0,0,0,0,0,0,0,0,0,0,0,0,0
0,0,2,0,0,0,0,0,0,1,0,0,0,0,0,0

0,0,0,0,0,0,0,0,0,1,0,0,0,0,0,0,0,19,66,22,0,7
0,0,2,0,0,0,0,1,0,1,1,0,0,0,0,0

0,1,0,0,0,1,0,0,0,0,0,0,0,0,0,0,0,5,21,10866,0,4
0,0,0,21733,21733,54331,10867,2,21733,1,32602,0,76067,10866,21738,0

0,0,0,0,0,0,0,0,0,0,0,0,0,0,0,0,0,0,0,0,0,0
0,0,2,0,0,0,0,0,0,1,0,0,0,0,0,0
       
0,0,0,0,0,0,0,0,0,0,0,0,0,0,0,0,0,19,27,126,0,2
0,0,0,0,0,0,0,0,0,1,0,0,0,0,0,0

0,0,0,0,0,0,0,0,0,0,0,0,0,0,0,0,0,7,6,92,0,6
0,0,0,0,0,0,0,1,0,1,1,0,0,0,0,0

0,0,0,0,0,0,0,0,0,0,0,0,0,0,0,0,0,2,4,11,0,1
0,0,0,0,0,0,0,0,0,1,0,0,0,0,0,0

0,0,0,0,0,0,2,0,0,0,0,1,0,0,0,0,0,6,25,13,0,4
0,0,0,1,1,0,0,6,0,1,3,0,1,0,1,0

0,0,0,0,0,0,0,0,0,0,0,0,0,0,0,0,0,1,6,19,0,1
0,0,0,0,0,0,0,0,0,1,0,0,0,0,0,0

0,0,0,0,0,0,0,0,0,0,0,0,0,0,0,0,0,0,1,8,0,1
0,0,0,0,0,0,0,0,0,1,0,0,0,0,0,0

0,0,0,0,0,0,0,0,0,0,0,0,0,0,0,0,0,7,5,10,0,2
0,0,0,0,0,0,0,1,0,1,0,0,0,0,0,0

0,0,0,0,0,0,0,0,0,0,0,0,0,0,0,0,0,1,1,6,0,0
0,0,0,0,0,0,0,0,0,1,1,0,0,0,1,0

0,0,0,0,0,0,0,0,0,0,0,0,0,0,0,0,0,3,0,24,0,0
0,0,0,0,0,0,0,3,0,1,3,0,0,0,3,0

0,0,0,0,0,0,0,0,0,0,1,1,0,0,0,0,0,10,19,39,0,4
0,0,2,1,1,0,0,4,0,1,2,0,0,0,1,0

0,3,0,0,0,0,0,0,1,0,0,0,0,0,0,0,0,18,37,85,0,6
0,0,2,75,75,191,38,1,112,1,127,1,263,37,82,0

0,0,0,0,0,0,0,0,0,0,0,0,0,0,0,0,0,351,65,448,0,32
0,0,0,0,0,0,0,0,0,1,0,0,0,0,0,0

0,0,0,0,0,0,0,0,0,0,0,0,0,0,0,0,0,10,0,35,0,0
0,0,0,0,0,0,0,1,0,1,6,0,0,0,1,0

0,0,0,0,0,0,0,0,0,0,0,0,0,0,0,0,0,11,5,86,0,4
0,0,0,0,0,0,0,0,0,1,0,0,0,0,0,0

0,0,0,0,0,0,0,0,0,0,0,0,0,0,0,0,0,4,4,20,0,0
0,0,0,0,0,0,0,0,0,1,4,0,0,0,4,0
	
0,0,0,0,0,0,0,0,0,0,0,0,0,0,0,0,0,9,11,16,0,4
0,0,0,0,0,0,0,1,0,1,0,0,0,0,0,0

0,0,0,0,0,1,0,0,0,0,2,0,0,0,0,0,0,99,174,74,0,28
0,0,0,0,0,0,0,0,0,1,0,0,0,0,0,0

0,0,0,0,0,0,0,0,0,0,0,0,0,0,0,0,0,5,9,106,0,6
0,0,2,0,0,0,0,1,0,1,1,0,0,0,0,0

0,0,0,0,0,0,0,0,0,0,0,0,0,0,0,0,0,34,2,61,0,2
0,0,0,0,0,0,0,29,0,1,35,0,0,0,29,0

0,0,0,0,0,0,0,0,0,0,0,0,0,0,0,0,0,1,1,12,0,1
0,0,0,0,0,0,0,0,0,1,0,0,0,0,0,0

0,0,0,0,0,0,0,0,0,0,0,0,0,0,0,0,0,2,5,10,0,4
0,0,0,0,0,0,0,0,0,1,0,0,0,0,0,0

0,1,0,0,0,0,0,0,0,0,0,0,0,0,0,0,0,3,2,71,1,1
0,0,2,0,0,0,0,0,0,1,0,0,0,0,0,0

0,0,0,0,0,0,0,0,0,0,0,0,0,0,0,0,0,13,15,58,0,0
0,0,0,0,0,0,0,1,0,1,16,0,0,0,1,0

0,0,0,0,0,0,0,0,0,0,0,0,0,0,0,0,0,4,16,325,0,4
0,0,0,0,0,0,0,0,0,1,0,0,0,0,0,0

0,0,0,0,0,0,0,0,0,0,0,0,0,0,0,0,0,5,14,14,0,1
0,0,2,0,0,0,0,1,0,1,1,0,0,0,0,0

0,0,0,0,0,0,0,0,0,0,0,0,0,0,0,0,0,5,5,23,0,0
0,0,0,0,0,0,0,0,0,1,5,0,0,0,5,0

0,0,0,0,0,0,0,0,0,0,1,0,0,0,0,1,0,15,31,85,0,15
0,0,2,0,0,0,0,0,0,1,0,0,0,0,0,0

0,0,0,0,0,0,0,0,0,0,0,0,0,0,0,0,0,4,4,16,0,0
0,0,0,0,0,0,0,0,0,1,4,0,0,0,4,0

0,0,0,0,0,1,0,0,0,0,2,0,0,0,0,0,0,131,210,74,0,43
0,0,0,0,0,0,0,0,0,1,0,0,0,0,0,0

0,0,0,0,0,0,0,0,0,0,1,0,0,0,0,0,0,4,24,78,0,5
0,0,2,0,0,0,0,0,0,1,1,0,0,0,0,0

0,0,0,0,0,0,0,0,0,0,0,0,0,0,0,0,0,0,0,0,0,0
				
0,0,0,0,0,0,0,0,0,0,0,0,0,0,0,0,0,1,3,161,0,1
0,0,0,0,0,0,0,0,0,1,0,0,0,0,0,0

0,0,0,0,0,0,0,0,0,0,0,0,0,0,0,0,0,4,3,11,0,3
0,0,0,1,1,0,0,0,0,1,2,0,1,0,0,0

0,0,0,0,0,0,0,0,0,0,0,0,0,0,0,0,0,20,8,68,0,0
0,0,0,0,0,0,0,2,0,1,10,0,0,0,1,0
     
0,0,0,0,0,0,0,0,0,0,0,0,0,0,0,0,0,0,2,8,0,0
0,0,0,0,0,0,0,0,0,1,0,0,0,0,0,0

0,0,0,0,0,0,0,0,0,0,1,1,0,0,0,0,0,12,23,27,0,6
0,0,2,3,3,0,1,4,2,1,7,0,3,0,1,0

0,1,0,0,0,0,0,0,0,0,0,0,0,0,0,0,0,6,8,18,0,2
0,0,2,1,1,2,0,2,0,1,3,0,3,0,3,0

0,0,0,0,0,0,0,0,0,0,1,0,0,0,0,0,0,12,46,39,0,7
0,0,2,0,0,0,0,0,0,1,1,0,0,0,0,0

0,0,0,0,0,0,0,0,0,0,1,0,0,0,0,0,0,12,46,39,0,7
0,0,2,0,0,0,0,0,0,1,1,0,0,0,0,0

0,0,0,0,0,0,0,0,0,0,0,0,0,0,0,0,0,3,0,8,0,0
0,0,0,0,0,0,0,3,0,1,4,0,0,0,3,0

0,0,0,0,0,0,0,0,0,0,0,0,0,0,0,0,0,1,1,6,0,1
0,0,0,0,0,0,0,0,0,1,0,0,0,0,0,0

0,0,0,0,0,0,0,0,0,0,0,0,1,0,0,0,0,2,23,13,0,1
0,0,2,0,0,0,0,2,0,1,2,0,0,0,0,0
	
0,0,0,0,0,0,0,0,0,1,0,0,0,0,0,0,0,19,66,22,0,7
0,0,2,0,0,0,0,1,0,1,1,0,0,0,0,0

0,0,0,0,0,0,0,0,0,0,0,0,0,0,0,0,0,4,4,23,0,0
0,0,0,0,0,0,0,0,0,1,4,0,0,0,4,0

0,0,0,0,0,0,0,0,0,0,0,0,0,0,0,0,0,4,5,13,0,2
0,0,2,2,2,0,1,1,2,1,7,0,3,0,1,0

0,0,0,0,0,0,0,0,0,0,0,0,0,0,0,0,0,4,4,8,0,4
0,0,0,4,4,0,0,4,0,1,4,0,4,0,4,0

0,0,0,0,0,0,0,0,0,0,0,0,0,0,0,0,0,6,7,62,1,2
0,0,0,0,0,0,0,0,0,1,0,0,0,0,0,0

0,0,0,0,0,0,0,0,0,1,1,0,0,0,1,0

0,0,0,0,0,0,0,0,0,0,0,0,0,0,0,0,0,3,11,14,0,8
0,0,2,0,0,0,0,0,0,1,0,0,0,0,0,0

0,0,0,0,0,0,0,0,0,0,0,0,0,0,0,0,0,7,9,42,0,7
0,0,2,0,0,0,0,0,0,1,0,0,0,0,0,0

0,0,0,0,0,0,0,0,0,0,0,0,0,0,0,0,0,13,44,37,0,20
0,0,0,0,0,0,0,2,0,1,2,0,0,0,0,0

0,0,0,0,0,0,0,0,0,0,0,0,0,0,0,0,0,317,33,656,0,16
0,0,0,0,0,0,0,0,0,1,0,0,0,0,0,0

0,0,0,0,0,0,0,0,0,0,1,0,0,0,0,1,0,15,31,86,0,15
0,0,2,0,0,0,0,0,0,1,0,0,0,0,0,0

0,0,0,0,0,0,0,0,0,0,0,0,0,0,0,0,0,2,2,7,0,0
0,0,0,0,0,0,0,0,0,1,0,0,0,0,0,0

0,0,0,0,0,0,0,0,0,0,0,0,0,0,0,0,0,1,3,12,0,0
0,0,0,0,0,0,0,0,0,1,0,0,0,0,0,0

0,0,0,0,0,0,0,0,0,0,1,0,0,0,0,0,0,11,46,39,0,7
0,0,2,0,0,0,0,0,0,1,1,0,0,0,0,0

0,0,0,0,0,0,0,0,0,0,1,1,0,0,0,0,0,12,23,27,0,6
0,0,2,3,3,0,1,4,2,1,7,0,3,0,1,0

0,0,0,0,0,0,0,0,0,0,0,0,0,0,0,0,0,27,28,96,0,1
0,0,0,0,0,0,0,0,0,1,0,0,0,0,0,0

0,0,0,0,0,0,0,0,0,0,0,0,0,0,0,0,0,1,3,15,0,1
0,0,0,0,0,0,0,0,0,1,0,0,0,0,0,0

0,0,0,0,0,0,0,0,0,0,0,0,0,0,0,0,0,93,0,80,0,0
0,0,0,0,0,0,0,1,0,1,73,0,0,0,1,0

0,0,0,0,0,0,0,0,0,0,0,0,0,0,0,0,0,313,37,551,0,18
0,0,0,0,0,0,0,0,0,1,0,0,0,0,0,0

0,0,0,0,0,0,0,0,0,0,0,0,0,0,0,0,0,1,6,15,0,1
0,0,0,0,0,0,0,0,0,1,0,0,0,0,0,0

0,0,0,0,0,0,0,0,0,0,0,0,0,0,0,0,0,2,14,12,0,0
0,0,0,0,0,0,0,2,0,1,2,0,0,0,0,0

0,0,0,0,0,0,0,0,0,0,0,0,0,0,0,0,0,2,0,5,0,0
0,0,0,0,0,0,0,2,0,1,2,0,0,0,2,0

0,0,0,0,0,0,0,0,0,0,1,1,0,0,0,0,0,9,19,24,0,4
0,0,2,1,1,0,1,4,0,1,2,0,1,0,1,0

0,0,0,0,0,0,0,0,0,0,1,0,0,0,0,0,0,4,24,56,0,5
0,0,2,0,0,0,0,0,0,1,1,0,0,0,0,0

0,0,0,0,0,0,0,0,0,0,1,0,0,0,0,1,0,15,31,85,0,15
0,0,2,0,0,0,0,0,0,1,0,0,0,0,0,0

0,0,0,0,0,0,0,0,0,0,0,0,0,0,0,0,0,3,5,16,0,1
0,0,0,0,0,0,0,0,0,1,0,0,0,0,0,0

0,0,0,0,0,0,0,0,0,0,1,0,0,0,0,0,0,11,35,43,0,6
0,0,2,0,0,0,0,0,0,1,1,0,0,0,0,0

0,0,0,0,0,0,0,0,0,0,0,0,0,0,0,0,0,3,4,51,0,1
0,0,0,0,0,0,0,1,0,1,1,0,0,0,0,0

0,0,0,0,0,0,0,0,0,0,0,0,0,0,0,0,0,3,4,14,0,1
0,0,2,0,0,0,0,0,0,1,0,0,0,0,0,0

0,0,0,0,0,0,0,0,0,0,0,0,0,0,0,0,0,3,3,19,0,1
0,0,0,0,0,0,0,0,0,1,0,0,0,0,0,0

0,0,0,0,0,0,0,0,0,0,0,0,0,0,0,0,0,305,33,638,0,16
0,0,0,0,0,0,0,0,0,1,0,0,0,0,0,0
		
0,0,0,0,0,0,0,0,0,0,0,0,0,0,0,0,0,1,2,8,0,1
0,0,0,0,0,0,0,0,0,1,0,0,0,0,0,0

0,0,0,0,0,0,0,0,0,0,0,0,0,0,0,0,0,1,1,38,0,1
0,0,0,0,0,0,0,0,0,1,0,0,0,0,0,0

0,0,0,0,0,0,0,0,0,0,0,0,0,0,0,0,0,2,5,7,0,0
0,0,0,1,1,0,0,0,0,1,2,2,3,0,1,0

0,0,0,0,0,0,0,0,0,0,0,0,0,0,0,0,0,4,16,442,0,4
0,0,0,0,0,0,0,0,0,1,0,0,0,0,0,0

0,0,0,0,0,0,0,0,0,0,0,0,0,0,0,0,0,0,0,0,0,0
0,0,2,0,0,0,0,0,0,1,0,0,0,0,0,0

0,0,0,0,0,0,0,0,0,0,0,0,0,0,0,0,0,2,0,4,0,0
0,0,0,0,0,0,0,1,0,1,2,0,0,0,1,0

0,0,0,0,0,0,0,0,0,0,0,0,0,0,0,0,0,7,6,122,0,6
0,0,0,0,0,0,0,1,0,1,1,0,0,0,0,0

0,0,0,0,0,0,0,0,0,0,0,0,0,0,0,0,0,7,9,84,0,0
0,0,0,0,0,0,0,0,0,1,0,0,0,0,0,0

0,0,0,0,0,0,0,0,0,0,0,0,0,0,0,0,0,4,0,72,0,0
0,0,0,0,0,0,0,1,0,1,3,0,0,0,1,0

0,0,0,0,0,0,0,0,0,0,0,0,0,0,0,0,0,4,4,16,0,0
0,0,0,0,0,0,0,0,0,1,4,0,0,0,4,0

0,0,0,0,0,0,0,0,0,0,0,0,0,0,0,0,0,18,37,28,0,23
0,0,2,0,0,0,0,1,0,1,1,0,0,0,0,0

0,0,0,0,0,0,0,0,0,0,0,0,0,0,0,0,0,1,6,14,0,3
0,0,0,0,0,0,0,1,0,1,0,0,0,0,0,0

0,0,0,0,0,0,0,0,0,0,0,0,0,0,0,0,0,4,7,73,0,1
0,0,2,0,0,0,0,1,0,1,1,0,0,0,0,0

0,0,0,0,0,0,0,0,0,0,0,0,0,0,0,0,0,0,0,0,0,0
0,0,2,0,0,0,0,0,0,1,0,0,0,0,0,0

0,1,0,0,0,0,0,0,0,0,0,0,0,0,0,0,0,6,8,18,0,2
0,0,2,1,1,2,0,2,0,1,3,0,3,0,3,0

0,0,0,0,0,0,0,0,0,0,0,0,0,0,0,0,0,0,4,11,0,1
0,0,0,0,0,0,0,0,0,1,0,0,0,0,0,0

0,0,0,0,0,0,0,0,0,0,0,0,0,0,0,0,0,4,5,10,0,4
0,0,0,0,0,0,0,0,0,1,0,0,0,0,0,0

0,0,0,0,0,0,0,0,0,0,0,0,0,0,0,0,0,6,13,27,0,7
0,0,0,0,0,0,0,1,0,1,1,0,0,0,0,0

0,0,0,0,0,0,0,0,0,0,0,0,0,0,0,0,0,0,0,0,0,0
0,0,2,0,0,0,0,0,0,1,0,0,0,0,0,0

0,0,0,0,0,0,0,0,0,0,0,0,0,0,0,0,0,0,4,10,0,1
0,0,0,0,0,0,0,0,0,1,0,0,0,0,0,0

0,0,0,0,0,0,0,0,0,0,0,0,0,0,0,0,0,0,0,0,0,0
0,0,0,0,0,0,0,0,0,1,0,0,0,0,0,0

0,0,0,0,0,0,0,0,0,0,0,0,0,0,0,0,0,4,10,17,0,0
0,0,0,0,0,0,0,1,0,1,0,0,0,0,0,0

0,0,0,0,0,0,0,0,0,0,0,0,0,0,0,0,0,7,9,16,0,4
0,0,0,0,0,0,0,1,0,1,0,0,0,0,0,0

0,0,0,0,0,0,0,0,0,0,0,0,0,0,0,0,0,5,5,23,0,0
0,0,0,0,0,0,0,0,0,1,5,0,0,0,5,0

0,0,0,0,0,0,0,0,0,0,0,0,0,0,0,0,0,1,6,19,0,1
0,0,0,0,0,0,0,0,0,1,0,0,0,0,0,0

0,0,0,0,0,0,0,0,0,0,0,0,0,0,0,0,0,14,16,38,0,1
0,0,0,1,1,0,0,9,0,1,8,0,0,0,0,0

0,0,0,0,0,0,0,0,0,0,0,0,0,0,0,0,0,1,3,150,0,1
0,0,0,0,0,0,0,0,0,1,0,0,0,0,0,0

0,0,0,0,0,0,0,0,0,0,0,0,0,0,0,0,0,3,2,85,0,1
0,0,0,0,0,0,0,1,0,1,1,0,0,0,0,0

0,0,0,0,0,0,0,0,0,0,0,0,0,0,0,0,0,3,4,91,0,0
0,0,0,0,0,0,0,0,0,1,0,0,0,0,0,0

0,0,0,0,0,0,0,0,0,0,0,0,0,0,0,0,0,2,2,7,0,0
0,0,0,0,0,0,0,0,0,1,0,0,0,0,0,0

0,0,0,0,0,0,0,0,0,0,1,0,0,0,0,1,0,15,31,83,0,15
0,0,2,0,0,0,0,0,0,1,0,0,0,0,0,0

0,0,0,0,0,0,0,0,0,0,0,0,0,0,0,0,0,3,0,8,0,0
0,0,0,0,0,0,0,3,0,1,3,0,0,0,3,0

0,0,0,0,0,0,0,0,0,0,0,0,0,0,0,0,0,2,19,14,0,2
0,0,0,0,0,0,0,0,0,1,0,0,0,0,0,0

0,0,0,0,0,0,0,0,0,0,0,0,0,0,0,0,0,0,0,0,0,0
0,0,0,0,0,0,0,0,0,1,0,0,0,0,0,0

0,0,0,0,0,0,0,0,0,0,0,0,0,0,0,1,0,2,2,57,0,1
0,0,2,0,0,0,0,0,0,1,0,0,0,0,0,0

0,0,0,0,0,0,0,0,0,0,0,0,0,0,0,0,0,1,3,11,0,1
0,0,0,0,0,0,0,0,0,1,0,0,0,0,0,0

0,0,0,0,0,0,0,0,0,0,1,0,0,0,0,1,0,15,31,87,0,15
0,0,2,0,0,0,0,0,0,1,0,0,0,0,0,0

0,1,0,0,0,0,0,0,0,0,0,0,0,0,0,0,0,6,8,18,0,2
0,0,2,1,1,2,0,2,0,1,3,0,3,0,3,0

0,0,0,0,0,0,0,0,0,0,0,0,0,0,0,0,0,9,0,52,0,0
0,0,0,0,0,0,0,1,0,1,7,0,0,0,1,0

0,0,0,0,0,0,0,0,0,0,0,0,0,0,0,0,0,3,3,14,0,2
0,0,0,0,0,0,0,0,0,1,0,0,0,0,0,0

0,0,0,0,0,0,0,0,0,0,0,0,0,0,0,0,0,0,4,6,0,0
0,0,0,0,0,0,0,0,0,1,0,0,0,0,0,0

0,0,0,0,0,0,0,0,0,0,0,0,0,0,0,0,0,0,0,0,0,0
2,0,0,0,0,0,0,0,0,1,0,0,0,0,0,0

0,0,0,0,0,0,0,0,0,0,0,0,0,0,0,0,0,7,8,59,0,0
0,0,0,0,0,0,0,0,0,1,0,0,1,0,0,0

0,0,0,0,0,0,0,0,0,0,0,0,0,0,0,0,0,1,3,11,0,1
0,0,0,0,0,0,0,0,0,1,0,0,0,0,0,0
  
0,0,0,0,0,0,0,0,0,0,0,0,0,0,0,0,0,0,0,0,0,0
0,0,2,0,0,0,0,0,0,1,0,0,0,0,0,0

0,0,0,0,0,0,0,0,0,0,0,0,0,0,0,0,0,5,0,10,0,0
0,0,0,0,0,0,0,5,0,1,5,0,0,0,5,0

0,0,0,0,0,0,0,0,0,0,0,0,0,0,0,0,0,13,15,11,0,3
0,0,0,0,0,0,0,2,0,1,2,0,0,0,1,0

0,1,0,0,0,0,0,0,0,0,0,0,0,0,0,0,0,6,8,18,0,2
0,0,2,1,1,2,0,2,0,1,3,0,3,0,3,0

0,0,0,0,0,0,0,0,0,0,0,0,0,0,0,0,0,2,24,26,0,1
0,0,0,0,0,0,0,0,0,1,0,0,0,0,0,0

0,0,0,0,0,0,0,0,0,0,0,0,0,0,0,0,0,3,3,48,0,0
0,0,0,0,0,0,0,0,0,1,3,0,0,0,3,0

0,0,0,0,0,0,0,0,0,0,0,0,0,0,0,0,0,0,0,0,0,0
0,0,0,0,0,0,0,0,0,1,0,0,0,0,0,0

0,0,0,0,0,0,0,0,0,0,0,0,0,0,0,0,0,2,2,7,0,0
0,0,0,0,0,0,0,0,0,1,0,0,0,0,0,0

0,0,0,1,0,0,0,0,0,0,0,0,0,1,2,0,0,8,10,333,3,6
0,0,2,0,0,0,0,0,0,1,1,0,0,0,0,0

0,1,0,0,0,0,0,0,0,0,0,0,0,0,0,0,0,1,2,330,17,1
0,0,2,0,0,0,0,0,0,1,0,0,0,0,0,0

0,0,0,0,0,0,0,0,0,0,0,0,0,0,0,0,0,12,0,48,4,0
0,0,0,0,0,0,0,1,0,1,7,0,0,0,1,0

0,0,0,0,0,0,0,0,0,0,0,0,0,0,0,0,0,2,0,61,0,0
0,0,0,0,0,0,0,1,0,1,2,0,0,0,1,0

0,0,0,0,0,0,0,0,0,0,0,0,0,0,0,0,0,1,3,11,0,1
0,0,0,0,0,0,0,0,0,1,0,0,0,0,0,0

0,0,0,0,0,0,0,0,0,0,0,0,0,0,0,0,0,9,0,45,0,0
0,0,0,0,0,0,0,1,0,1,6,0,0,0,1,0

0,0,0,0,0,0,0,0,0,0,0,0,0,0,0,0,0,0,1,8,0,1
0,0,0,0,0,0,0,0,0,1,0,0,0,0,0,0

0,1,0,2,0,0,0,0,0,0,0,0,1,1,0,0,0,11,21,67,0,4
0,0,2,0,0,0,0,0,0,1,0,0,0,0,0,0

0,0,0,0,0,0,0,0,0,0,0,0,0,0,0,0,0,12,3,65,0,0
0,0,0,1,1,0,0,1,0,1,15,3,4,0,1,0

0,0,0,0,0,0,0,0,0,0,0,0,0,0,0,0,0,0,3,10,0,2
0,0,2,0,0,0,0,0,0,1,0,0,0,0,0,0

0,0,0,0,0,0,0,0,0,0,0,0,0,0,0,0,0,16,29,154,0,10
0,0,0,1,1,0,0,2,1,1,7,0,1,0,1,0

0,0,0,0,0,0,0,0,0,0,0,0,0,0,0,0,0,9,44,306,0,10
0,0,2,0,0,0,0,1,0,1,1,0,0,0,0,0

0,0,0,0,0,0,0,0,0,0,0,0,0,0,0,0,0,0,3,11,0,1
0,0,0,0,0,0,0,0,0,1,0,0,0,0,0,0

0,0,0,0,0,0,0,0,0,0,0,0,0,0,0,0,0,0,0,0,0,0
0,0,0,0,0,0,0,0,0,1,0,0,0,0,0,0

0,0,0,0,0,0,0,0,0,0,0,0,0,0,0,0,0,2,10,29,0,0
0,0,0,0,0,0,0,2,0,1,2,0,0,0,12,0

0,0,0,0,0,0,0,0,0,0,0,0,0,0,0,0,0,5,11,19,0,8
0,0,0,0,0,0,0,1,0,1,1,0,0,0,0,0

0,0,0,0,0,0,5,0,0,0,0,13,0,0,0,2,0,132,215,264,2,67
0,0,2,0,0,0,0,6,0,1,6,0,0,0,0,0

0,0,0,0,0,0,0,0,0,0,0,0,0,0,0,0,0,26,2,12,0,1
0,0,0,0,0,0,0,0,0,1,0,0,0,0,0,0

0,0,0,0,0,0,0,0,0,0,0,0,0,0,0,0,0,4,0,8,0,0
0,0,0,0,0,0,0,4,0,1,4,0,0,0,4,0

0,0,0,0,0,0,0,0,0,0,0,0,0,0,0,0,0,9,44,309,0,10
0,0,2,0,0,0,0,1,0,1,1,0,0,0,0,0

0,1,0,2,0,0,0,0,0,0,0,0,1,1,0,0,0,12,21,59,0,4
0,0,2,0,0,0,0,0,0,1,0,0,0,0,0,0

0,1,0,2,0,0,0,0,0,0,0,0,1,1,0,0,0,11,21,54,0,4
0,0,2,0,0,0,0,0,0,1,0,0,0,0,0,0

0,0,0,0,0,0,0,0,0,0,0,0,0,0,0,0,0,8,18,13,0,12
0,0,0,0,0,0,0,0,0,1,0,0,0,0,0,0

0,0,0,1,0,0,0,0,0,0,0,0,0,1,2,0,0,8,10,421,3,6
0,0,2,0,0,0,0,0,0,1,1,0,0,0,0,0

0,0,0,0,0,0,0,0,0,0,0,0,0,0,0,0,0,9,44,317,0,10
0,0,2,0,0,0,0,1,0,1,1,0,0,0,0,0

0,0,0,0,0,0,0,0,0,0,0,0,0,0,0,0,0,1,5,13,0,2
0,0,0,0,0,0,0,0,0,1,0,0,0,0,0,0

0,0,0,0,0,0,0,0,0,0,0,0,0,0,0,0,0,200,7,149,9,1
0,0,0,0,0,0,0,0,0,1,0,0,0,0,0,0

0,0,0,0,0,0,0,0,0,0,0,0,0,0,0,0,0,3,3,17,0,2
0,0,0,0,0,0,0,0,0,1,0,0,0,0,0,0

0,0,0,0,0,0,0,0,0,0,0,1,0,0,0,0,0,5,2,8,0,0
0,0,0,0,0,0,0,6,0,1,1,0,0,0,1,0

0,0,0,0,0,0,0,0,0,0,0,0,0,0,0,0,0,2,2,7,0,0
0,0,0,0,0,0,0,0,0,1,0,0,0,0,0,0

0,0,0,0,0,0,0,0,0,0,0,0,0,0,0,0,0,1,6,21,0,1
0,0,0,0,0,0,0,0,0,1,0,0,0,0,0,0

0,0,0,0,0,0,0,0,0,0,0,0,0,0,0,0,0,1,1,12,0,1
0,0,0,0,0,0,0,0,0,1,0,0,0,0,0,0

0,0,0,0,0,0,0,0,0,0,0,0,0,0,0,0,0,1,1,20,0,0
0,0,0,0,0,0,0,0,0,1,1,0,0,0,1,0

0,0,0,0,0,0,0,0,0,0,1,0,0,0,0,0,0,11,35,43,0,6
0,0,2,0,0,0,0,0,0,1,1,0,0,0,0,0

0,0,0,0,0,0,0,0,0,0,0,0,0,0,0,0,0,28,0,101,0,0
0,0,0,0,0,0,0,1,0,1,16,0,0,0,1,0

0,0,0,0,0,0,0,0,0,0,1,0,0,0,0,0,0,12,46,44,0,7
0,0,2,0,0,0,0,0,0,1,1,0,0,0,0,0

0,0,0,0,0,0,0,0,0,0,1,1,0,0,0,0,0,15,40,31,0,7
0,0,0,0,0,0,0,0,0,1,1,0,0,0,0,0

0,0,0,0,0,0,0,0,0,0,0,0,0,0,0,0,0,3,6,14,0,0
0,0,0,0,0,1,1,0,0,1,4,2,3,1,1,0

0,0,0,0,0,0,0,0,0,0,0,0,0,0,0,0,0,0,0,0,0,0
0,0,0,0,0,0,0,0,0,1,0,0,0,0,0,0

0,0,0,0,0,0,0,0,0,0,0,0,0,0,0,0,0,4,4,23,0,0
0,0,0,0,0,0,0,0,0,1,4,0,0,0,4,0

0,0,0,0,0,0,0,0,0,0,0,0,0,0,0,0,0,3,3,14,0,2
0,0,0,0,0,0,0,0,0,1,0,0,0,0,0,0

0,0,0,0,0,0,0,0,0,0,0,0,0,0,0,0,0,0,0,0,0,0
0,0,0,0,0,0,0,0,0,1,0,0,0,0,0,0

0,0,0,0,0,0,0,0,0,0,0,0,0,0,0,0,0,1,1,12,0,1
0,0,0,0,0,0,0,0,0,1,0,0,0,0,0,0

0,0,0,0,0,0,0,0,0,0,0,0,0,0,0,0,0,0,2,10,0,1
0,0,0,0,0,0,0,1,1,1,0,0,1,0,0,0

0,0,0,0,0,0,2,0,1,0,2,4,0,0,0,0,0,71,189,414,5,34
0,0,0,1,1,18,0,15,0,1,33,0,19,2,23,0

0,0,0,0,0,0,0,0,0,0,0,0,0,0,0,0,0,1,6,21,0,1
0,0,0,0,0,0,0,0,0,1,0,0,0,0,0,0

0,0,0,0,0,1,0,0,0,0,2,0,0,0,0,0,0,131,210,77,0,43
0,0,0,0,0,0,0,0,0,1,0,0,0,0,0,0

0,0,0,0,0,0,0,0,0,0,1,0,0,0,0,0,0,12,46,39,0,7
0,0,2,0,0,0,0,0,0,1,1,0,0,0,0,0

0,0,0,0,0,0,0,0,0,0,0,0,0,0,0,0,0,0,4,11,0,1
0,0,0,0,0,0,0,0,0,1,0,0,0,0,0,0

0,0,0,0,0,0,0,0,0,0,0,0,0,0,0,0,0,1,9,8,0,0
0,0,0,0,0,0,0,0,0,1,0,0,0,0,0,0

0,0,0,0,0,0,0,0,0,0,0,0,0,0,0,0,0,0,0,0,0,0
0,0,0,0,0,0,0,0,0,1,0,0,0,0,0,0

0,0,0,0,0,0,0,0,0,0,0,0,0,0,0,0,0,14,3,16,0,0
0,0,0,0,0,0,0,0,0,1,0,0,0,0,0,0

0,0,0,0,0,0,0,0,0,0,0,1,0,0,0,0,0,5,2,16,0,0
0,0,0,0,0,0,0,6,0,1,4,0,0,0,4,0

0,0,0,0,0,0,0,0,0,0,0,0,0,0,0,0,0,0,12,9,0,3
0,0,0,1,0,0,0,0,1,1,3,0,1,0,0,0

0,0,0,0,0,0,0,0,0,0,0,0,0,0,0,0,0,22,26,21,0,8
0,0,0,0,0,0,0,1,0,1,1,0,0,0,0,0

0,0,0,0,0,0,0,0,0,0,0,0,0,0,0,0,0,4,16,311,5,4
0,0,2,0,0,0,0,0,0,1,0,0,0,0,0,0

0,0,0,0,0,0,0,0,0,0,0,0,0,0,0,0,0,4,0,50,0,0
0,0,0,0,0,0,0,1,0,1,3,0,0,0,1,0

0,0,0,0,0,0,0,0,0,0,0,0,0,0,0,0,0,0,3,11,0,1
0,0,0,0,0,0,0,0,0,1,0,0,0,0,0,0

0,0,0,0,0,0,0,0,0,0,0,0,0,0,0,0,0,325,41,619,0,20
0,0,0,0,0,0,0,0,0,1,0,0,0,0,0,0

0,0,0,0,0,0,0,0,0,0,0,0,1,0,0,0,0,2,23,13,0,1
0,0,2,0,0,0,0,1,0,1,1,0,0,0,0,0

0,0,0,0,0,0,0,0,0,0,0,0,0,0,0,0,0,2,4,7,0,1
0,0,0,0,0,0,0,0,0,1,0,0,0,0,0,0

0,0,0,0,0,0,0,0,0,0,0,0,0,0,0,0,0,1,3,11,0,1
0,0,0,0,0,0,0,0,0,1,0,0,0,0,0,0

0,1,0,0,0,0,0,0,0,0,0,1,0,0,0,0,0,5,7,92,4,2
0,2,2,0,0,0,0,1,0,1,1,0,0,0,0,0

0,0,0,0,0,0,0,0,0,0,0,0,0,0,0,0,0,3,14,40,0,7
0,0,2,0,0,0,0,0,0,1,0,0,0,0,0,0

0,0,0,0,0,0,0,0,0,0,1,0,0,0,0,0,0,12,46,39,0,7
0,0,2,0,0,0,0,0,0,1,1,0,0,0,0,0

0,0,0,0,0,0,0,0,0,0,0,0,0,0,0,0,0,5,0,33,0,0
0,0,0,0,0,0,0,5,0,1,5,0,0,0,5,0

0,0,0,0,0,0,0,0,0,0,0,0,0,0,0,0,0,0,1,12,0,1
0,0,0,0,0,0,0,0,0,1,0,0,0,0,0,0

0,0,0,0,0,0,0,0,0,0,1,0,0,2,0,0,0,7,28,30,0,7
0,0,2,1,1,0,0,3,0,1,1,0,0,0,0,0

0,0,0,0,0,0,0,0,0,0,0,0,0,0,0,0,0,4,4,20,0,0
0,0,0,0,0,0,0,0,0,1,4,0,0,0,4,0

0,0,0,0,0,0,0,0,0,0,0,0,0,0,0,0,0,10,13,19,0,2
0,0,0,0,0,0,0,0,0,1,0,0,0,0,0,0

0,0,0,0,0,0,0,0,0,0,0,0,0,0,0,0,0,16,18,265,0,0
0,0,0,0,0,0,0,0,0,1,0,0,0,0,0,0

0,0,0,0,0,0,0,0,0,0,0,0,0,0,0,0,0,309,33,686,4,16
0,0,0,0,0,0,0,0,0,1,0,0,0,0,0,0

0,0,0,0,0,0,0,0,0,0,0,0,0,0,0,0,0,4,16,304,0,4
0,0,2,0,0,0,0,0,0,1,0,0,0,0,0,0

0,0,0,0,0,0,0,0,0,0,0,0,0,0,0,0,0,6,2,107,0,1
0,0,0,0,0,0,0,0,0,1,0,0,0,0,0,0

0,0,0,0,0,0,0,0,0,0,0,0,0,0,0,0,0,4,0,78,0,0
0,0,0,0,0,0,0,1,0,1,3,0,0,0,1,0

1,0,0,0,0,1,1,0,0,0,0,0,0,0,2,0,0,17,51,323,0,12
2,0,54,108,430,305,193,328,207,2,266,43,765,47,102,0

2,0,54,108,430,305,193,328,207,2,266,43,765,47,102,0

0,0,0,0,0,0,0,0,0,0,0,0,0,0,0,0,0,4,14,9,0,6
0,0,2,0,0,0,0,0,0,1,0,0,0,0,0,0

0,0,0,0,0,0,0,0,0,0,0,0,0,0,0,0,0,3,9,13,0,3
0,0,0,0,0,0,0,1,0,1,1,0,0,0,0,0

0,0,0,0,0,0,0,0,0,0,0,0,0,0,0,0,0,1,5,10,0,4
0,0,2,0,0,0,0,0,0,1,0,0,0,0,0,0

0,0,0,0,0,0,0,0,0,0,0,0,0,0,0,0,0,0,1,7,0,1
0,0,0,2,2,0,0,1,1,1,0,0,1,0,1,0

0,1,0,0,0,0,0,0,0,0,0,0,0,0,0,0,0,6,8,18,0,2
0,0,2,1,1,2,0,2,0,1,3,0,3,0,3,0

0,0,0,0,0,0,0,0,0,0,0,0,0,0,0,0,0,27,28,89,0,1
0,0,0,0,0,0,0,0,0,1,0,0,0,0,0,0

0,0,0,0,0,0,0,0,0,0,0,0,0,0,0,0,0,2,2,235,0,2
0,0,0,0,0,0,0,0,0,1,0,0,0,0,0,0

0,0,0,0,0,0,0,0,0,0,0,0,0,0,0,0,0,4,4,16,0,0
0,0,0,0,0,0,0,0,0,1,4,0,0,0,4,0

0,0,0,0,0,0,0,0,0,0,0,4,0,0,2,0,0,0,18,8,0,1
0,0,2,0,0,0,0,0,0,1,0,0,0,0,0,0

0,0,0,0,0,0,0,0,0,0,0,0,0,0,0,0,0,1,3,11,0,1
0,0,0,0,0,0,0,0,0,1,0,0,0,0,0,0

0,0,0,0,0,0,0,0,0,0,0,0,0,0,0,0,0,4,16,321,0,4
0,0,2,0,0,0,0,0,0,1,0,0,0,0,0,0

0,0,0,0,0,0,0,0,0,0,0,0,0,0,0,0,0,7,9,73,0,0
0,0,0,0,0,0,0,0,0,1,0,0,0,0,0,0

0,0,0,0,0,0,0,0,0,0,0,0,0,0,0,0,0,4,2,50,0,1
0,0,0,0,0,0,0,1,0,1,0,0,0,0,0,0

0,0,0,0,0,0,0,0,0,0,1,0,0,0,0,0,0,6,15,69,0,4
0,0,2,1,1,0,0,3,0,1,1,0,0,0,0,0

0,0,0,0,0,0,0,0,0,0,0,0,0,0,0,0,0,2,0,48,0,0
0,0,0,0,0,0,0,1,0,1,2,0,0,0,1,0

0,0,0,0,0,0,0,0,0,0,0,0,0,0,0,0,0,0,0,0,0,0
0,0,0,0,0,0,0,0,0,1,0,0,0,0,0,0

0,0,0,0,0,0,0,0,0,0,0,0,0,0,0,0,0,10,25,73,0,2
0,0,2,0,0,0,0,1,0,1,1,0,0,0,0,0

0,0,0,0,0,0,0,0,0,0,0,0,0,0,0,0,0,7,6,122,0,6
0,0,0,0,0,0,0,1,0,1,1,0,0,0,0,0

0,0,0,0,0,0,0,0,0,0,1,0,0,0,0,1,0,15,31,85,0,15
0,0,2,0,0,0,0,0,0,1,0,0,0,0,0,0

0,0,0,0,0,0,0,0,0,0,0,0,0,0,0,0,0,0,1,12,0,1
0,0,0,0,0,0,0,0,0,1,0,0,0,0,0,0

0,0,0,0,0,0,0,0,0,0,0,0,0,0,0,0,0,311,33,668,0,16
0,0,0,0,0,0,0,0,0,1,0,0,0,0,0,0

0,0,0,0,0,0,0,0,0,0,1,1,0,0,0,0,0,10,19,33,0,4
0,0,2,1,1,0,0,4,0,1,2,0,0,0,1,0

0,0,0,0,0,0,0,0,0,0,0,0,0,0,0,0,0,4,16,444,0,4
0,0,0,0,0,0,0,0,0,1,0,0,0,0,0,0

0,0,0,0,0,0,0,0,0,0,0,0,0,0,0,0,0,1,5,11,0,4
0,0,2,0,0,0,0,0,0,1,0,0,0,0,0,0

0,0,0,0,0,0,0,0,0,0,0,0,0,0,0,0,0,16,0,101,0,0
0,0,0,0,0,0,0,1,0,1,9,0,0,0,1,0

0,0,0,0,0,0,0,0,0,0,0,0,0,0,0,0,0,7,6,122,0,6
0,0,0,0,0,0,0,1,0,1,1,0,0,0,0,0

0,0,0,0,0,0,0,0,0,0,0,0,0,0,0,0,0,1,16,21,0,2
0,0,0,0,0,0,0,0,0,1,0,0,0,0,0,0

0,0,0,0,0,0,0,0,0,0,0,0,0,0,0,0,0,0,2,10,0,1
0,0,0,0,0,0,0,0,0,1,0,0,0,0,0,0

0,3,0,0,0,0,0,0,1,0,0,0,0,0,0,0,0,18,37,85,0,6
0,0,2,75,75,191,38,1,112,1,127,1,263,37,82,0

0,0,0,0,0,0,0,0,0,0,1,0,0,0,0,0,0,10,30,36,0,6
0,0,2,1,1,0,0,4,0,1,1,0,0,0,0,0

0,0,0,0,0,0,0,0,0,0,0,0,0,0,0,0,0,7,9,42,0,7
0,0,2,0,0,0,0,0,0,1,0,0,0,0,0,0

0,0,0,0,0,0,0,0,0,0,0,0,0,0,0,0,0,6,13,14,0,3
0,0,2,0,0,0,0,1,0,1,1,0,0,0,0,0

0,0,0,0,0,0,0,0,0,0,0,0,0,0,0,0,0,2,0,43,0,0
0,0,0,0,0,0,0,1,0,1,2,0,0,0,1,0

0,0,0,0,0,0,0,0,0,0,0,0,0,0,0,0,0,11,0,37,0,0
0,0,0,0,0,0,0,1,0,1,7,0,0,0,1,0

0,0,0,0,0,0,0,0,0,0,0,0,0,0,0,0,0,0,0,0,0,0
0,0,2,0,0,0,0,0,0,1,0,0,0,0,0,0

0,0,0,0,0,0,0,0,0,0,0,0,0,0,0,0,0,0,0,0,0,0
0,0,0,0,0,0,0,0,0,1,0,0,0,0,0,0

0,0,0,0,0,0,0,0,0,0,0,0,0,0,0,0,0,5,17,24,0,0
0,0,0,0,0,0,0,1,0,1,1,0,0,0,0,0

0,0,0,0,0,0,0,0,0,0,0,0,0,0,0,0,0,12,0,48,4,0
0,0,0,0,0,0,0,1,0,1,7,0,0,0,1,0

0,0,0,0,0,0,0,0,0,0,1,0,0,0,0,0,0,5,12,59,0,4
0,0,2,1,1,0,0,3,0,1,1,0,0,0,0,0

0,0,0,0,0,0,0,0,0,0,0,0,0,0,0,0,0,4,16,427,0,4
0,0,0,0,0,0,0,0,0,1,0,0,0,0,0,0
   
0,0,0,0,0,0,0,0,0,0,0,0,0,0,0,0,0,1,5,10,0,4
0,0,0,0,0,0,0,0,0,1,0,0,0,0,0,0

0,0,0,0,0,0,0,0,0,0,0,0,0,0,0,0,0,9,13,27,0,7
0,0,2,0,0,0,0,1,0,1,0,0,0,0,0,0
     
0,0,0,0,0,0,0,0,0,0,0,0,0,0,0,0,0,1,8,15,0,1
0,0,0,0,0,0,0,1,0,1,0,0,0,0,0,0

0,0,0,0,0,0,0,0,0,0,0,0,0,0,0,0,0,332,45,534,72,22
0,0,0,0,0,0,0,0,0,1,0,0,0,0,0,0

0,0,0,0,0,0,0,0,0,0,0,0,0,0,0,1,0,2,1,12,0,1
0,0,0,1,1,0,0,0,0,1,2,0,1,0,0,0

0,0,0,0,0,0,0,0,0,0,0,0,0,0,0,0,0,2,1,14,0,1
0,0,0,0,0,0,0,0,0,1,0,0,0,0,0,0

0,0,0,0,0,0,0,0,0,0,0,0,0,0,0,0,0,1,2,13,0,1
0,0,0,0,0,0,0,0,0,1,1,0,0,0,1,0

0,0,0,0,0,0,0,0,0,0,0,0,0,0,0,0,0,7,6,122,0,6
0,0,0,0,0,0,0,1,0,1,1,0,0,0,0,0

0,0,0,0,0,0,0,0,0,0,1,1,0,0,0,0,0,12,23,27,0,6
0,0,2,3,3,0,1,4,2,1,7,0,3,0,1,0

0,1,0,0,0,0,0,0,0,0,0,0,0,0,0,0,0,2,5,109,0,1
0,0,2,0,0,0,0,0,0,1,0,0,0,0,0,0

0,0,0,0,0,2,0,0,0,0,2,0,0,0,0,0,0,45,106,85,0,23
0,0,0,0,0,0,0,0,0,1,0,0,0,0,0,0

0,0,0,1,0,0,0,0,0,0,0,0,0,1,2,0,0,8,10,227,3,6
0,0,2,0,0,0,0,0,0,1,1,0,0,0,0,0

0,0,0,0,0,0,0,0,0,0,0,0,0,0,0,0,0,14,10,45,0,5
0,0,0,0,0,0,0,0,0,1,0,0,0,0,0,0

0,0,0,0,0,0,0,0,0,0,0,0,0,0,0,0,0,1,6,19,0,1
0,0,0,0,0,0,0,0,0,1,0,0,0,0,0,0

0,0,0,0,0,0,0,0,0,0,0,0,0,0,0,0,0,2,2,87,0,0
0,0,0,0,0,0,0,0,0,1,0,0,0,0,0,0

0,0,0,0,0,0,0,0,0,0,0,0,0,0,0,0,0,5,2,12,0,0
0,0,0,0,0,0,0,0,0,1,0,0,0,0,0,0

0,0,0,0,0,0,0,0,0,0,0,0,0,0,0,0,0,3,2,19,0,0
0,0,0,0,0,0,0,4,0,1,2,0,0,0,2,0

0,0,0,0,0,0,0,0,0,0,0,0,0,0,0,0,0,9,44,273,0,10
0,0,2,0,0,0,0,1,0,1,1,0,0,0,0,0

0,0,0,0,0,0,0,0,0,0,0,0,0,0,0,0,0,9,44,299,0,10
0,0,2,0,0,0,0,1,0,1,1,0,0,0,0,0

0,0,0,0,0,0,0,0,0,0,0,0,0,0,0,0,0,3,3,19,0,0
0,0,0,0,0,0,0,0,0,1,3,0,0,0,3,0

0,0,1,0,0,0,0,0,0,0,1,0,0,0,0,0,0,23,60,47,0,16
0,0,2,2,2,0,0,15,0,1,1,0,1,0,1,0

0,1,0,0,0,0,0,0,0,0,0,0,0,0,0,0,0,6,8,18,0,2
0,0,2,1,1,2,0,2,0,1,3,0,3,0,3,0

0,0,0,0,0,0,0,0,0,0,0,1,0,0,0,0,0,5,27,15,0,3
0,0,0,1,1,0,0,3,0,1,3,0,0,1,1,0

0,0,0,0,0,0,0,0,0,0,0,0,0,0,0,0,0,4,16,451,0,4
0,0,0,0,0,0,0,0,0,1,0,0,0,0,0,0

0,0,0,0,0,0,0,0,0,0,2,0,0,0,0,0,0,2,4,13,0,2
0,0,2,0,0,0,0,0,0,1,0,0,0,0,0,0

0,0,0,0,0,0,0,0,0,0,0,0,0,0,0,0,0,2,8,9,0,3
0,0,2,0,0,0,0,0,0,1,0,0,0,0,0,0

0,0,0,0,0,0,0,0,0,0,0,0,0,0,0,0,0,39,56,25,0,17
0,0,2,0,0,0,0,0,0,1,0,0,0,0,0,0

0,0,0,0,0,0,0,0,0,0,0,0,0,0,0,0,0,0,5,9,0,0
0,0,0,0,0,0,2,1,1,1,2,1,3,0,1,0

0,0,0,0,0,0,0,0,0,0,0,0,0,0,0,0,0,8,17,15,0,3
0,0,2,0,0,0,0,1,0,1,1,0,0,0,0,0

0,0,0,0,0,0,0,0,0,0,0,0,0,0,0,0,0,325,41,636,0,20
0,0,0,0,0,0,0,0,0,1,0,0,0,0,0,0

0,0,0,0,0,0,0,0,0,0,0,0,0,0,0,0,0,2,3,39,0,1
0,0,0,0,0,0,0,1,0,1,0,0,0,0,0,0

0,1,0,0,0,0,1,0,0,0,1,2,0,0,0,0,0,13,24,75,0,7
0,0,2,1,1,0,0,4,0,1,1,0,0,0,0,0

0,0,0,0,0,0,0,0,0,0,1,1,0,0,0,0,0,12,23,27,0,6
0,0,2,3,3,0,1,4,2,1,7,0,3,0,1,0

0,0,0,0,0,0,0,0,0,0,0,0,0,0,0,0,0,2,0,7,0,0
0,0,0,0,0,0,0,2,0,1,3,0,0,0,2,0

0,0,0,0,0,0,0,0,0,0,0,0,0,0,0,0,0,1,5,14,0,1
0,0,2,0,0,0,0,1,0,1,1,0,0,0,0,0

0,0,0,0,0,0,0,0,0,0,0,0,0,0,0,0,0,8,10,13,0,2
0,0,0,0,0,0,0,2,0,1,1,0,0,0,1,0

0,1,0,0,0,0,0,0,0,0,0,0,0,0,0,0,0,6,8,18,0,2
0,0,2,1,1,2,0,2,0,1,3,0,3,0,3,0

0,0,0,0,0,0,0,0,0,0,0,0,0,0,0,0,0,0,4,11,0,1
0,0,0,0,0,0,0,0,0,1,0,0,0,0,0,0

0,0,0,0,0,0,0,0,0,0,0,0,0,0,0,0,0,14,37,29,0,6
0,0,0,0,0,0,0,5,0,1,3,0,0,0,1,0

0,1,0,0,0,0,0,0,0,0,0,0,0,0,0,0,0,6,8,21,0,2
0,0,2,1,1,2,0,2,0,1,3,0,3,0,3,0

0,0,0,0,0,0,0,0,0,0,0,0,0,0,0,0,0,3,5,161,0,1
0,0,0,0,0,0,0,0,0,1,0,0,0,0,0,0

0,0,0,0,0,0,0,0,0,0,0,0,0,0,0,0,0,1,3,11,0,1
0,0,0,0,0,0,0,0,0,1,0,0,0,0,0,0

0,0,0,0,0,0,0,0,0,0,0,0,0,0,0,0,0,4,0,48,4,0
0,0,0,0,0,0,0,1,0,1,3,0,0,0,1,0

0,0,0,0,0,0,0,0,0,0,0,0,0,0,0,0,0,311,33,684,0,16
0,0,0,0,0,0,0,0,0,1,0,0,0,0,0,0

0,0,0,1,0,0,0,0,0,0,0,0,0,1,0,0,0,5,8,9,0,2
0,0,2,0,0,0,0,2,0,1,1,0,1,0,1,0

0,0,0,0,0,0,0,0,0,0,0,0,0,0,0,0,0,1,4,12,0,3
0,0,0,0,0,0,0,0,0,1,0,0,0,0,0,0

0,0,0,0,0,0,0,0,0,0,0,0,0,0,0,0,0,0,0,0,0,0
0,0,0,0,0,0,0,0,0,1,0,0,0,0,0,0

0,0,0,0,0,0,0,0,0,0,0,0,0,0,0,0,0,364,65,453,0,32
0,0,0,0,0,0,0,0,0,1,0,0,0,0,0,0

0,0,0,0,0,0,0,0,0,0,0,0,0,0,0,0,0,3,3,50,0,0
0,0,0,0,0,0,0,0,0,1,3,0,0,0,3,0

0,0,0,0,0,0,0,0,0,0,0,0,0,0,0,0,0,2,4,34,0,1
0,0,0,0,0,0,0,0,0,1,0,0,0,0,0,0

0,0,0,0,0,0,0,0,0,0,0,0,0,0,0,0,0,1,2,14,0,0
0,0,0,0,0,0,0,0,0,1,0,0,0,0,0,0

0,0,0,0,0,0,0,0,0,0,0,0,0,0,0,0,0,2,0,7,0,0
0,0,0,0,0,0,0,2,0,1,2,0,0,0,2,0

0,0,0,0,0,0,0,0,0,0,0,0,0,0,0,0,0,2,15,114,0,5
0,0,0,0,0,0,0,0,0,1,0,0,0,0,0,0

0,0,0,0,0,0,0,0,0,0,0,0,0,0,0,0,0,1,3,15,0,0
0,0,2,0,0,0,0,0,0,1,0,0,0,0,0,0

0,0,0,0,0,0,0,0,0,0,0,0,0,0,0,0,0,17,30,419,89,13
0,0,0,13,13,0,0,1,0,1,18,0,13,0,1,0

0,0,0,0,0,0,0,0,0,0,0,0,0,0,0,0,0,328,45,435,32,22
0,0,2,0,0,0,0,0,0,1,0,0,0,0,0,0

0,0,0,0,0,0,0,0,0,0,0,0,0,0,0,0,0,5,17,9,0,3
0,0,0,1,1,0,0,2,2,1,2,0,1,0,1,0

0,0,0,0,0,0,0,0,0,0,1,0,0,0,0,0,0,4,24,65,0,5
0,0,2,0,0,0,0,0,0,1,1,0,0,0,0,0

0,0,0,0,0,0,0,0,0,0,0,0,0,0,0,0,0,4,16,301,0,4
0,0,2,0,0,0,0,0,0,1,0,0,0,0,0,0

0,0,0,0,0,0,0,0,0,0,0,0,0,0,0,0,0,50,69,58,0,26
0,0,0,0,0,0,0,2,0,1,1,0,0,0,0,0

0,0,0,0,0,1,0,0,0,0,2,0,0,0,0,0,0,84,194,83,0,36
0,0,0,0,0,0,0,0,0,1,0,0,0,0,0,0

0,0,0,0,0,0,0,0,0,0,0,0,0,0,0,0,0,7,6,122,0,6
0,0,0,0,0,0,0,1,0,1,1,0,0,0,0,0

0,1,0,0,0,0,0,0,0,0,0,0,0,0,0,0,0,6,8,18,0,2
0,0,2,1,1,2,0,2,0,1,3,0,3,0,3,0

0,0,0,0,0,0,0,0,0,0,0,0,0,0,0,0,0,0,0,0,0,0
0,0,2,0,0,0,0,0,0,1,0,0,0,0,0,0

0,0,1,0,0,0,0,0,0,0,0,0,0,0,0,0,0,1,2,134,0,1
0,0,2,0,0,0,0,0,0,1,0,0,0,0,0,0

0,0,0,0,0,0,0,0,0,0,0,0,0,0,0,0,0,4,4,20,0,0
0,0,0,0,0,0,0,0,0,1,4,0,0,0,4,0

0,1,0,0,0,0,0,0,0,0,0,0,0,0,0,0,0,1,3,93,0,2
0,2,2,0,0,0,0,0,0,1,0,0,0,0,0,0

0,0,0,0,0,0,0,0,0,0,0,0,0,0,0,0,0,4,10,12,0,3
0,0,0,0,0,0,0,3,0,1,6,0,0,0,2,0

0,0,0,0,0,0,0,0,0,0,1,0,0,0,0,0,0,16,45,37,0,15
0,0,2,1,1,0,0,4,0,1,2,0,0,0,0,0

0,0,0,0,0,0,0,0,0,0,0,0,0,0,0,0,0,13,13,24,0,0
0,0,0,0,0,0,0,0,0,1,13,0,0,0,13,0

0,1,0,0,0,0,0,0,0,0,0,0,0,0,0,0,0,0,4,11,0,2
0,0,2,1,1,0,0,1,0,1,0,0,1,0,1,0

0,0,0,0,0,0,0,0,0,0,1,0,0,0,0,0,0,4,24,75,0,5
0,0,2,0,0,0,0,0,0,1,1,0,0,0,0,0
   
0,0,0,0,0,0,0,0,0,0,0,0,0,0,0,0,0,16,22,16,0,17
0,0,2,0,0,0,0,0,0,1,0,0,0,0,0,0
			
0,0,0,0,0,0,0,0,0,0,0,0,0,0,0,0,0,1,8,20,0,1
0,0,0,0,0,0,0,1,0,1,0,0,0,0,0,0

0,0,0,0,0,0,0,0,0,0,0,0,0,0,0,0,0,2,2,7,0,0
0,0,0,0,0,0,0,0,0,1,0,0,0,0,0,0

0,2,0,0,0,0,0,0,0,0,0,0,0,0,0,0,0,2,4,101,0,2
0,0,2,0,0,0,0,0,0,1,0,0,0,0,0,0

0,0,0,0,0,0,0,0,0,0,1,0,0,0,0,0,0,9,21,35,0,5
0,0,2,1,1,0,0,6,0,1,4,0,0,0,3,0

0,0,0,0,0,0,0,0,0,0,0,0,0,0,0,0,0,1,2,17,0,0
0,0,0,0,0,0,0,0,0,1,0,0,0,0,0,0

0,1,0,0,0,0,0,0,0,0,0,0,0,0,0,0,0,1,2,350,17,1
0,0,2,0,0,0,0,0,0,1,0,0,0,0,0,0

0,0,0,0,0,0,0,0,0,0,0,0,0,0,0,0,0,0,0,0,0,0
0,0,0,0,0,0,0,0,0,1,0,0,0,0,0,0

0,0,0,0,0,0,0,0,0,0,0,0,0,0,0,0,0,23,0,86,0,0
0,0,0,0,0,0,0,1,0,1,13,0,0,0,1,0

0,0,0,0,0,0,0,0,0,0,0,0,0,0,0,0,0,0,2,10,0,1
0,0,0,0,0,0,0,0,0,1,0,0,0,0,0,0

0,0,0,0,0,0,0,0,0,0,1,0,0,0,0,0,0,14,38,37,0,7
0,0,2,0,0,0,0,0,0,1,1,0,0,0,0,0

0,0,0,0,0,0,0,0,0,0,0,0,0,0,0,0,0,0,0,0,0,0
2,0,0,0,0,0,0,0,0,1,0,0,0,0,0,0

0,0,0,0,0,0,0,0,0,0,1,0,0,0,0,0,0,6,21,32,0,3
0,0,2,0,0,0,0,0,0,1,1,0,0,0,0,0

0,1,0,0,0,0,0,0,0,0,0,0,0,0,0,0,0,2,5,123,0,1
0,0,2,0,0,0,0,0,0,1,0,0,0,0,0,0

0,0,0,0,0,0,0,0,0,0,0,0,0,0,0,0,0,4,16,16,0,1
0,0,2,0,0,0,0,2,0,1,0,0,0,0,0,0

0,0,0,0,0,0,0,0,0,0,1,0,0,0,0,0,0,21,8,77,0,3
0,0,2,0,0,0,0,0,0,1,0,0,0,0,0,0

0,0,0,0,0,0,0,0,0,0,0,0,0,0,0,0,0,5,8,65,0,0
0,0,0,0,0,0,0,0,0,1,0,0,0,0,0,0

0,0,0,0,0,0,0,0,0,0,0,0,0,0,0,0,0,4,16,491,0,4
0,0,0,0,0,0,0,0,0,1,0,0,0,0,0,0

0,0,0,0,0,0,2,0,0,0,0,0,0,0,0,0,0,28,131,29,0,20
0,0,0,0,0,0,0,1,0,1,1,0,0,0,0,0

0,0,0,0,0,0,0,0,0,0,0,0,0,0,0,0,0,3,7,17,0,2
0,0,2,0,0,0,0,1,0,1,0,0,0,0,0,0

0,0,0,0,0,0,0,0,0,0,0,0,0,0,0,0,0,3,3,15,0,2
0,0,0,0,0,0,0,0,0,1,0,0,0,0,0,0

0,0,0,0,0,0,0,0,0,0,0,0,0,0,0,0,0,2,5,45,0,3
0,0,0,0,0,0,0,1,0,1,1,0,0,0,0,0

0,1,0,0,0,0,0,0,0,0,0,0,0,0,0,0,0,0,3,11,0,1
0,0,2,0,0,0,0,0,0,1,0,0,0,0,0,0

0,0,0,0,0,0,0,0,0,0,0,0,0,0,0,0,0,15,21,69,0,0
0,0,0,0,0,0,0,0,0,1,0,0,0,0,0,0

0,0,0,0,0,0,0,0,0,0,0,0,0,0,0,0,0,31,39,16,0,8
0,0,0,0,0,0,0,1,0,1,0,0,0,0,0,0

0,0,0,0,0,0,0,0,0,0,0,0,0,0,0,0,0,4,4,23,0,0
0,0,0,0,0,0,0,0,0,1,4,0,0,0,4,0

0,0,0,0,0,0,0,0,0,0,0,0,0,0,0,0,0,23,2,35,0,0
0,0,0,0,0,2,2,5,0,1,16,0,2,2,5,0

0,0,0,0,0,0,0,0,0,0,0,0,0,0,0,0,0,14,24,23,0,9
0,0,2,0,0,0,0,2,0,1,3,0,0,0,2,0

0,0,0,0,0,0,0,0,0,0,0,0,0,0,0,0,0,5,9,10,0,4
0,0,0,0,0,0,0,0,0,1,1,0,0,0,0,0

0,0,0,0,0,0,0,0,0,0,0,0,0,0,0,0,0,385,69,653,0,34
0,0,0,0,0,0,0,0,0,1,0,0,0,0,0,0

0,0,0,0,0,0,0,0,0,0,0,0,0,0,0,0,0,17,30,369,78,13
0,0,0,13,13,0,0,1,0,1,18,0,13,0,1,0

0,0,0,0,0,0,0,0,0,0,0,0,0,0,0,0,0,0,0,0,0,0
0,0,2,0,0,0,0,0,0,1,0,0,0,0,0,0

0,0,0,0,0,0,0,0,0,0,0,0,0,0,0,0,0,1,1,12,0,1
0,0,0,0,0,0,0,0,0,1,0,0,0,0,0,0

0,0,0,0,0,0,0,0,0,0,1,0,0,0,0,0,0,4,24,43,0,5
0,0,2,0,0,0,0,0,0,1,1,0,0,0,0,0

0,0,0,0,0,0,0,0,0,0,0,0,0,0,0,0,0,5,25,218,0,2
0,0,2,0,0,0,0,0,0,1,0,0,0,0,0,0

0,0,0,0,0,0,0,0,0,0,0,0,0,0,0,0,0,4,4,20,0,0
0,0,0,0,0,0,0,0,0,1,4,0,0,0,4,0

0,0,0,0,0,0,0,0,0,0,0,0,0,0,0,0,0,2,3,17,0,2
0,0,0,0,0,0,0,0,0,1,0,0,0,0,0,0

0,0,0,0,0,0,0,0,0,0,0,0,0,0,0,0,0,3,4,26,0,3
0,0,0,1,1,0,0,1,0,1,2,0,2,0,0,0
